0,1,2,3,4,5,6,7,8,9,10,11,12,13,14,15,16,17,18,19,20,21,22,23,24,25,26,27,28,29,30,31,32,33,34,35,36,37,38,39,40,41,42,43,44,45,46,47,48,49,50,51,52,53,54,55,56,57,58,59,60,61,62,63
8.02961693938138,8.064454549862397,8.017490731829119,7.930697537904224,7.805421220728092,7.585064306018172,7.2357839872635985,6.584957181674719,5.641010336030695,4.652500706664078,3.6633942090174383,2.846029579436802,2.226063665955859,2.0036848787099024,2.117724049566528,2.2452277953080184,2.383419507365394,2.4689923767700104,2.4627330713818947,2.402495684456115,2.2921475564379823,2.1094456336130527,1.880954971017207,1.6275949282412248,1.5063078594817656,1.5226589432842799,1.5955142896636434,1.6073820988490928,1.6675032193933794,1.8218675102090445,2.0547599037710684,2.1311250014144587,2.091222090908725,1.8444211031582987,1.8600216146632678,2.3544836939729765,2.687657422478473,2.6906868240495623,2.631492127858931,2.5268208934481837,2.4796276816002893,2.385405402827867,2.423045111446955,2.524649739281485,2.501951303887038,2.32327661922499,2.2133601581549387,2.114170916698565,1.8897053937126713,1.7893380315666558,1.7844979732613895,2.0040720405459895,2.0845115839912784,2.51121740896032,3.0946398981625847,3.0464335987360185,2.6523689801034025,2.604140822109396,3.0368172727143894,3.289079916600928,3.166489839074721,2.6013153422919943,2.2444790664507512,2.3698875752654187
8.064454549862397,8.106824876980548,8.068892929380418,7.987276973779359,7.8585909315031754,7.6231975662811085,7.247085423188238,6.563081027452878,5.592853682929742,4.581699276468744,3.5759125131699565,2.750184506680196,2.1323528399116958,1.9177910137642384,2.0404939743290074,2.1803429450825687,2.3308828276464486,2.4273399434679743,2.43022088476721,2.373713434859983,2.2607782147438256,2.0728940858682527,1.8398681538802824,1.5830412240635878,1.4574438945146995,1.4683028684887498,1.5367595060460766,1.5497976331397183,1.6096317287328858,1.763162927425272,1.9919805369125834,2.0687747118112374,2.0272560732870986,1.7812117489194563,1.7991827821121853,2.2922953122439838,2.6272140230337158,2.637950860158912,2.5807494654780143,2.4736658376376566,2.4176209914272997,2.3182957106841076,2.3512964075654237,2.4577051831798054,2.4465620620128217,2.2710712961969626,2.1534314538142785,2.048762583693179,1.8263865894088644,1.7291449237216026,1.7217556831522334,1.938971371923377,2.021732159713387,2.460833734631184,3.0583333729136752,3.0165489581123177,2.6220806624662303,2.5680907316520876,3.000818498857552,3.251641986347477,3.1250078368097296,2.5592883777603643,2.215828447653402,2.348847391091428
8.017490731829119,8.068892929380418,8.06726168549845,8.022336285827484,7.908844598975497,7.658451087499483,7.235278026810087,6.500146297162733,5.5056908009456285,4.4708077723996285,3.4470829438028403,2.613108110960706,2.0026145356520417,1.7821423496275417,1.8858226311288702,2.042323301166747,2.2147625824015766,2.3344987749720874,2.359898296203632,2.3066026693455495,2.180811435880123,1.9818339568856767,1.7434002976326508,1.4955668227198051,1.3650143941446393,1.35815056292269,1.4108150291432988,1.4388461810550235,1.512088965171067,1.6610357658554162,1.873064218171682,1.961569495111168,1.9129968862014313,1.6706774651161764,1.7073127725584263,2.190411062004993,2.516613638268024,2.539260489998444,2.4784720392267525,2.3775704044719506,2.3095239654321125,2.216006480122552,2.239175173457001,2.3547858324695654,2.3522151821693322,2.1745077880135355,2.0468687293523486,1.9345175335054303,1.7185472950764473,1.622737101082793,1.6062385074008239,1.822065628898845,1.904057122189038,2.3586869323044297,2.9739770406978083,2.9355943356611576,2.5405198570884195,2.4844634223147324,2.921400258888483,3.1722344317790188,3.0376073684365172,2.465707631570822,2.133989472601672,2.278743705694412
7.930697537904224,7.987276973779359,8.022336285827484,8.026739420571376,7.953479564036629,7.716278761293553,7.271361082826929,6.510765891219417,5.509202330796474,4.4526785498661505,3.399719033146389,2.5370443570265513,1.9140133388400937,1.6652618009557476,1.731003923971481,1.8951114408660488,2.0830161783397974,2.2201228830395814,2.2643864175417945,2.2093451303835123,2.0651442166034535,1.85085488279894,1.607166560144891,1.3776803315895028,1.2504623337137162,1.2312312492097008,1.271824125122849,1.3216925188600686,1.415436257372668,1.565877361226965,1.7707564983649575,1.8846750141965216,1.8349078193500012,1.5943911290605102,1.6564097149224624,2.1327090554841774,2.4458959906654107,2.4741799967563836,2.4049010713375236,2.3144044505283587,2.245068842227644,2.1685093817653915,2.1884019066883713,2.3129015216100566,2.2936623263923144,2.0887333988655947,1.94793260152281,1.8355908986742087,1.6278274523602823,1.5314860364898082,1.5016320060616974,1.7181133234358645,1.7950637597315404,2.2582283093587203,2.8910749526478607,2.8453332885666045,2.450017531463737,2.4133425582344845,2.871891836734687,3.132868965621566,2.987593581884501,2.3871568089508997,2.0372165484333427,2.1873708559970546
7.805421220728092,7.8585909315031754,7.908844598975497,7.953479564036629,7.95790209096633,7.810086517388774,7.438184559721591,6.743284439244409,5.792892774121598,4.740824679099204,3.6518550877327405,2.7267117163467476,2.036285727382045,1.712452600035169,1.7101995387462472,1.8442886150394946,2.0166293395642962,2.1433762470992086,2.1790049532668854,2.1064542959893595,1.940867853269944,1.7111174124380495,1.4666347100563482,1.2627253254329478,1.1594107736893504,1.1573287556899632,1.2125903274111474,1.292615497347921,1.4124811415542393,1.5842599727862043,1.8173639208372254,1.9748924086668669,1.9379348188041388,1.6942820629733117,1.7766355133474727,2.2659773872782294,2.5656166855976004,2.572672247418831,2.481214279063263,2.4033756936283863,2.3616727483559465,2.318510110826067,2.3574084759931906,2.486983380648165,2.3952978412438792,2.1117151863887837,1.9686446374196385,1.8820009894545462,1.6752611900200587,1.569739373309147,1.5304341646248374,1.7596979974347602,1.8186948157245622,2.261285632090341,2.8974739961733946,2.8180079235586337,2.4223847211407232,2.4425114477205856,2.951325905144991,3.2499951793860276,3.0971178517451676,2.421856181310544,1.9790038508666006,2.113259006491293
7.585064306018172,7.6231975662811085,7.658451087499483,7.716278761293553,7.810086517388774,7.817548939361737,7.625624191552565,7.1130621945699115,6.30315020638296,5.323955415950282,4.240050405440668,3.26072864638013,2.4771004953927793,2.0499089645984103,1.9572214407855546,2.0143117789698852,2.125884306993697,2.2044167031515842,2.1971845135217625,2.094399816375447,1.916879097636192,1.6860814363765235,1.4531441214542875,1.2767125030642095,1.2119054403037122,1.2554676182902806,1.3502798149251536,1.4577581732779912,1.5984328944023338,1.8038777321003123,2.0910543056051365,2.295840253950604,2.284140391805928,2.0400131102627825,2.1269940858316496,2.638665852692339,2.9240527031250405,2.8839628362138545,2.764801195810415,2.7049565533777784,2.7170337274328733,2.710936111545525,2.78287925928559,2.904496335390161,2.706148637634967,2.3307583923603485,2.214936555001071,2.1745402140544874,1.9582474525620444,1.8363055360720135,1.7996145930537844,2.0541860564616226,2.084532409278562,2.4655443191361206,3.066583198581261,2.936866374149065,2.54460522459592,2.631814124649641,3.1842689637561623,3.5281510178750173,3.3791967825604226,2.625479244674192,2.04885358055793,2.1474346001001154
7.2357839872635985,7.247085423188238,7.235278026810087,7.271361082826929,7.438184559721591,7.625624191552565,7.687309993273026,7.455556029317988,6.871236978692907,6.046367828549639,5.036093932339208,4.045575854403582,3.1796615090614018,2.649583620396388,2.462867513720914,2.4053536540874294,2.4146628472738425,2.4082575715532806,2.3271400209711963,2.187447774346029,2.014340738144017,1.8032731717390011,1.5990196447606762,1.4509092612343446,1.433539681060627,1.5410017354618148,1.690090580846834,1.8127953154259917,1.9607247671410555,2.1994475783249134,2.5503370947623867,2.789946965461419,2.8112155559553758,2.571316438961149,2.642476852100992,3.172054917819542,3.4402940450530592,3.337602560938475,3.2019601336395134,3.167991945292051,3.251034417140011,3.2759777610028236,3.3873851238304833,3.4830177749908158,3.166163001623664,2.71639409431368,2.657163651751884,2.673557210980606,2.442389957073057,2.302114705280976,2.2823480794749043,2.563624086756841,2.5599089315767998,2.8431185041182916,3.362999543652921,3.176814472581654,2.7966636999332875,2.9502763934636804,3.519944058889915,3.893251524077159,3.7637866057352505,2.962975738780738,2.2482662600682675,2.2939620647288224
6.584957181674719,6.563081027452878,6.500146297162733,6.510765891219417,6.743284439244409,7.1130621945699115,7.455556029317988,7.587594615041655,7.3440570135156555,6.779808556051248,5.926708213536576,4.9735752033014995,4.069686063829114,3.438769522196418,3.1265813699343696,2.9108502358450434,2.7731244347077912,2.6509614421949204,2.4818512591516275,2.304930834399124,2.1457985404023394,1.9673019363448356,1.8114284852428129,1.7087759731114238,1.748507542234944,1.9264163081078332,2.132410491430702,2.264212229028769,2.4170012564915955,2.684521891009608,3.0845479496018373,3.3481108094818013,3.3950814507958054,3.164548082689571,3.2192617012946894,3.749792973459144,3.990023874278545,3.816417074583366,3.676544180930315,3.6821003020461656,3.8506826836964865,3.9117673728976556,4.061153112767953,4.11868693494924,3.67457494788226,3.162187908183053,3.184539295469708,3.2661531166118745,3.0226479010975247,2.867390486720373,2.8736581965490378,3.1803436166050183,3.1227028491673487,3.275139523122313,3.6704833999697737,3.413619742146271,3.0544786250975027,3.2818302803659964,3.846613668272942,4.227862984622598,4.132382165042333,3.314173209465463,2.4623023906647687,2.442236430402548
5.641010336030695,5.592853682929742,5.5056908009456285,5.509202330796474,5.792892774121598,6.30315020638296,6.871236978692907,7.3440570135156555,7.496405834492695,7.28421782894955,6.70365735289778,5.89939572943404,5.047787264133915,4.344228300598146,3.8776876887366742,3.4901859917407596,3.194455809885003,2.9536817225043794,2.706748065903119,2.498163575115284,2.354223116886281,2.2185919649449577,2.1242042943521833,2.0914641874513267,2.187084367747034,2.4066447486059257,2.6387833589308536,2.7817113142462624,2.9387302686581753,3.206457699109295,3.59815954841493,3.8563819026490074,3.901295679283187,3.6910327425343006,3.7491802252910147,4.247758726045545,4.438379086642973,4.209521943919507,4.0633203653433805,4.118845413180507,4.365593464180666,4.462096397321081,4.625903434725704,4.646999482731027,4.117290014123119,3.59365262961066,3.7162312700535214,3.8522114554022364,3.594301398214969,3.4250626066150525,3.454348954927008,3.7845144487319846,3.679621389771323,3.692836639377512,3.9385882339965597,3.607117825149948,3.2676046342059806,3.5376656675275373,4.053517889215728,4.41187504624326,4.359456684943361,3.5792582674096836,2.638696861841049,2.551834504716962
4.652500706664078,4.581699276468744,4.4708077723996285,4.4526785498661505,4.740824679099204,5.323955415950282,6.046367828549639,6.779808556051248,7.28421782894955,7.462103302959395,7.266260504223453,6.756518227164863,6.061308728425598,5.359101980081822,4.7779917559742335,4.243003183134751,3.8023222264092,3.449560318617395,3.1333565143977937,2.904031430231052,2.788500611009158,2.7153362306978717,2.6867610728508233,2.7183365014827388,2.85166385081245,3.0795812679802017,3.3061483052783975,3.4447983516055762,3.5828579757533947,3.8046183794923665,4.127796021498686,4.32291161117834,4.345744588763168,4.174165076066666,4.240513238985597,4.67577853762687,4.809329903569735,4.551005280801752,4.391689570290091,4.48280426658802,4.779130177590898,4.88535200815299,5.037233267981049,5.021882674906028,4.491598568243818,4.053278585041427,4.292505300799328,4.459528566343308,4.172518767463795,3.982905545175666,4.030525218049681,4.376734316663662,4.276732269565388,4.165565101203459,4.249669001966335,3.863463051200926,3.5340291243831143,3.773167875392191,4.173466963885889,4.472914996559922,4.469370751442473,3.808664848959554,2.863846763440917,2.7158816621261175
3.6633942090174383,3.5759125131699565,3.4470829438028403,3.399719033146389,3.6518550877327405,4.240050405440668,5.036093932339208,5.926708213536576,6.70365735289778,7.266260504223453,7.53596711894701,7.452621284576112,7.015166261435311,6.39799892481999,5.758124464684796,5.120786766383571,4.56616323496702,4.117651442796594,3.7441903866314292,3.5023352028401606,3.420878801023069,3.4243229174423697,3.462028011458709,3.552056425865955,3.706168052727519,3.9082910266205415,4.094439642716309,4.218538520167129,4.316865514563169,4.4479483334132,4.6415424539616374,4.720953964486729,4.704488070738573,4.591972577587481,4.676021811721718,5.013512397958235,5.07694707826046,4.817835673542576,4.64085478079294,4.749894090790219,5.061659529231539,5.158138125531908,5.272183865486104,5.219021602858146,4.769763745574306,4.514863662246876,4.875115207657463,5.047211867244678,4.722747368188053,4.5097750826351275,4.570180444465449,4.921308182999945,4.8789338894198595,4.664102493038847,4.5843728158842,4.167770271052861,3.8437329696783267,3.9840134263736706,4.208654943494728,4.41107661838523,4.458741101481348,3.9910942041882063,3.1285068366494295,2.9301654262290318
2.846029579436802,2.750184506680196,2.613108110960706,2.5370443570265513,2.7267117163467476,3.26072864638013,4.045575854403582,4.9735752033014995,5.89939572943404,6.756518227164863,7.452621284576112,7.818769167034438,7.687800538845164,7.232275069187974,6.615403027841581,5.951017561142917,5.339264813201003,4.828093742474595,4.413589665640942,4.161546464897041,4.106438667005841,4.177471704258482,4.267032688738553,4.39820338824722,4.554796187502167,4.70842392648729,4.83357129433162,4.933709770709045,4.981667462059379,5.002077639166176,5.040355448145282,4.981927909516399,4.918792604878292,4.871541344002736,4.9740781388106035,5.200458105009856,5.194680346304592,4.954136344475757,4.760682498524062,4.871592216185368,5.176186042630912,5.257386774380523,5.3205180057174015,5.2333859707999935,4.910374147445988,4.881915926306705,5.339804147519957,5.496316725864365,5.136803277460068,4.902782327476884,4.972084959293532,5.315527138741088,5.3602480391392575,5.078660707890507,4.865437815238215,4.444344444212935,4.122237348065827,4.128804119016364,4.162356487033684,4.247650501983879,4.33608220722127,4.085276053784071,3.369193328365829,3.1412289999249774
2.226063665955859,2.1323528399116958,2.0026145356520417,1.9140133388400937,2.036285727382045,2.4771004953927793,3.1796615090614018,4.069686063829114,5.047787264133915,6.061308728425598,7.015166261435311,7.687800538845164,7.860520628628626,7.635578637847416,7.143423130698526,6.540872379095002,5.937715817327808,5.410810025053395,4.983721771850752,4.730788968251283,4.689815252664551,4.789947747535906,4.900121693413129,5.033623910080826,5.166609936596775,5.274533175578061,5.3442201954596,5.395106877446112,5.3859399094411256,5.313672382999312,5.214965946941944,5.042237966536363,4.937119196750203,4.946300128308542,5.055254677814801,5.183801204043792,5.136286685782451,4.912357929770767,4.714863368021903,4.817910631843818,5.11262856708105,5.180192197371089,5.187285714639178,5.070200396749811,4.881150736280284,5.0588650171632406,5.57675050568653,5.707935527665392,5.320300598557354,5.079045143298491,5.158787426276132,5.485718211353864,5.591006560005781,5.292174690870046,5.00346575839344,4.6065996864328085,4.290807909936009,4.156168651734762,4.024701939697714,3.9950693214896336,4.107412683506094,4.038404398218558,3.4986757344992565,3.279738006897818
2.0036848787099024,1.9177910137642384,1.7821423496275417,1.6652618009557476,1.712452600035169,2.0499089645984103,2.649583620396388,3.438769522196418,4.344228300598146,5.359101980081822,6.39799892481999,7.232275069187974,7.635578637847416,7.677343505129715,7.424270238663248,6.985085892752468,6.4779567895075,5.992514064338297,5.573878255893422,5.3200002565376465,5.274269483147758,5.360077868475178,5.445669542976588,5.524512928746965,5.602639508907956,5.665702105626808,5.688646577466958,5.66953340857851,5.591417610058059,5.4518164408386,5.270205142011903,5.014599278598303,4.889253861340028,4.930744016308046,5.015171106980019,5.080825898787944,5.022191404730912,4.806885980864552,4.611431178083391,4.699857194283795,4.98838158700014,5.038832835833052,5.000879361850356,4.855800082503964,4.786455722794058,5.131416954860647,5.679441176098272,5.793830766228075,5.3803749876578735,5.131707131127153,5.226153498069525,5.532416952093758,5.688869700438587,5.407022018241376,5.098673398781088,4.754690708971016,4.439567535501961,4.1583027137437005,3.8986924579501774,3.7755949650234073,3.8956369476187604,3.96926487547179,3.6070527337822433,3.41695174594922
2.117724049566528,2.0404939743290074,1.8858226311288702,1.731003923971481,1.7101995387462472,1.9572214407855546,2.462867513720914,3.1265813699343696,3.8776876887366742,4.7779917559742335,5.758124464684796,6.615403027841581,7.143423130698526,7.424270238663248,7.465662018999011,7.261421687427774,6.927697317773557,6.543334256010081,6.164831608279367,5.916044027636394,5.8450945062249255,5.871387562403061,5.887199902558232,5.866419686354431,5.869343911716402,5.892054568710528,5.878358421059321,5.780059295679133,5.631150452969012,5.451910297485807,5.24574847877464,4.94546926826743,4.822903292934726,4.87241579297638,4.912050897377138,4.953847257006665,4.91221851718867,4.699305097207168,4.510122144878454,4.58126438063396,4.867489532585324,4.902771675472622,4.840887849764761,4.668809672267208,4.67870137357586,5.126682968048996,5.677807780574304,5.795862251282634,5.362296111116273,5.099673240619209,5.214507956328876,5.504843772202935,5.700845500797714,5.445143080377227,5.153180417323442,4.874311559987464,4.553297222742876,4.14551269540568,3.8086075294206387,3.628261208634906,3.7455000500663185,3.9169465397022245,3.697749967664296,3.5398268555391135
2.2452277953080184,2.1803429450825687,2.042323301166747,1.8951114408660488,1.8442886150394946,2.0143117789698852,2.4053536540874294,2.9108502358450434,3.4901859917407596,4.243003183134751,5.120786766383571,5.951017561142917,6.540872379095002,6.985085892752468,7.261421687427774,7.324485596554341,7.230124896921961,7.017491112621213,6.743732684884073,6.518226194333223,6.394281333033617,6.321172085996959,6.231808725855834,6.114950912979897,6.037970282496988,5.996425079896419,5.922598461011979,5.76769953806283,5.563951977988979,5.340479148631967,5.10925365956339,4.800161408738848,4.680610989583278,4.7295703824865525,4.7585274723381294,4.786565724304135,4.750658094922339,4.5472503742542525,4.35291927431695,4.425304156356416,4.710175792186387,4.753117727492694,4.670531019538536,4.4785570175737766,4.531675940478477,5.031022824355974,5.570223053555093,5.7052868817838025,5.263957903714595,4.98138373094562,5.10962790950386,5.390634689713252,5.612962001806883,5.383325996501881,5.121780140636354,4.896391136769746,4.560678683513242,4.050385708485675,3.671900777040134,3.4665184805158114,3.5774968757077255,3.8174452076934595,3.7094463985110444,3.577319353254251
2.383419507365394,2.3308828276464486,2.2147625824015766,2.0830161783397974,2.0166293395642962,2.125884306993697,2.4146628472738425,2.7731244347077912,3.194455809885003,3.8023222264092,4.56616323496702,5.339264813201003,5.937715817327808,6.4779567895075,6.927697317773557,7.230124896921961,7.3887756128924975,7.385541425338395,7.260033102878392,7.088325895462612,6.919742035755718,6.740316402253842,6.530563023587769,6.310007571865685,6.148864333772728,6.037117271968427,5.900579582875766,5.694428034841196,5.43809658565734,5.168572660620426,4.9170236221508805,4.617863919927151,4.511138872957538,4.562022761154879,4.593833892085698,4.614914134171135,4.581724563587979,4.390418743165767,4.191247411990714,4.2708364998942825,4.557605143552351,4.616118078372557,4.522514226457663,4.315189291000499,4.3893733650857705,4.901254377170421,5.418306001383439,5.576762131721595,5.142347428637312,4.840667366715949,4.982053374513935,5.255330678949483,5.4909365665145815,5.28193890617086,5.05509294987709,4.8723427014052625,4.516905818664022,3.929551921390789,3.5252687015284714,3.313582666901336,3.424146692157647,3.7198920545694762,3.7000973907492996,3.5810168283963293
2.4689923767700104,2.4273399434679743,2.3344987749720874,2.2201228830395814,2.1433762470992086,2.2044167031515842,2.4082575715532806,2.6509614421949204,2.9536817225043794,3.449560318617395,4.117651442796594,4.828093742474595,5.410810025053395,5.992514064338297,6.543334256010081,7.017491112621213,7.385541425338395,7.59157774643618,7.6440655053959,7.565818398212237,7.38829004013168,7.127591665585984,6.807982756539372,6.482134970977028,6.22905354199581,6.044399992070494,5.849538767967912,5.598002678098373,5.29477686199355,4.980523020676515,4.70534503941722,4.419617794467622,4.328806689688457,4.390901187953541,4.430869098976786,4.439627173916046,4.407329844009554,4.231597356062855,4.030695611991545,4.115821986192885,4.400362558762468,4.47485138171547,4.384091317965667,4.176210737047486,4.268481101657473,4.77047006992069,5.259963288074266,5.440190300541839,5.026759329650135,4.711273417965776,4.8640656345187425,5.133407921677946,5.374966384675151,5.17200143432704,4.970267839888935,4.823801705126976,4.449466568631845,3.8037896274918452,3.371355098185316,3.161053907235943,3.2806395989375803,3.625173849520244,3.677037280395253,3.5614535154700833
2.4627330713818947,2.43022088476721,2.359898296203632,2.2643864175417945,2.1790049532668854,2.1971845135217625,2.3271400209711963,2.4818512591516275,2.706748065903119,3.1333565143977937,3.7441903866314292,4.413589665640942,4.983721771850752,5.573878255893422,6.164831608279367,6.743732684884073,7.260033102878392,7.6440655053959,7.88901721874824,7.952775311305445,7.827742766790697,7.545670503896049,7.154535702469495,6.742009062982417,6.394220843911468,6.123873836978473,5.857621010163291,5.554475394141015,5.1996663789677795,4.833211040555797,4.516619119684515,4.228339075553318,4.147315598065136,4.226681875466989,4.278071387172019,4.26176693584817,4.224012499419087,4.07049727804756,3.868938153659953,3.952718348773337,4.227913483701419,4.313516539977594,4.233617605942842,4.042308005482192,4.173948179874227,4.66854245117251,5.126835582041087,5.320605737926828,4.937748871931047,4.617182014586045,4.7840241410928845,5.051930961774749,5.2997321022675195,5.085515339182988,4.893603991935379,4.7821918383953275,4.390052165089147,3.6920728571199892,3.2153624743684466,3.0044354458049582,3.1424166474685697,3.5374722708377546,3.655683064185739,3.538929638023479
2.402495684456115,2.373713434859983,2.3066026693455495,2.2093451303835123,2.1064542959893595,2.094399816375447,2.187447774346029,2.304930834399124,2.498163575115284,2.904031430231052,3.5023352028401606,4.161546464897041,4.730788968251283,5.3200002565376465,5.916044027636394,6.518226194333223,7.088325895462612,7.565818398212237,7.952775311305445,8.181500919991501,8.19608174791019,8.003306782342406,7.632157521594403,7.180483959157167,6.7546882901968175,6.395651159315765,6.045099981992905,5.65940458803312,5.2330635083103685,4.811409535114707,4.447397479322571,4.12920217916576,4.052088105673141,4.152705282540514,4.199720933973589,4.154220850171399,4.111307772026,3.974977594709881,3.77264245324735,3.837779751889151,4.100322471068042,4.181098923693895,4.1170819576309805,3.95831658065825,4.170589354853238,4.68189131679434,5.111299502116414,5.302253744849867,4.942633069457977,4.625801409101617,4.8189734010961685,5.088038601627279,5.341251966455908,5.106028152313233,4.903055802736367,4.816950011416064,4.413561829379069,3.667741842859419,3.1231394020058225,2.899557141695031,3.0719173632890415,3.5239617163009194,3.697373412230784,3.5727240109467058
2.2921475564379823,2.2607782147438256,2.180811435880123,2.0651442166034535,1.940867853269944,1.916879097636192,2.014340738144017,2.1457985404023394,2.354223116886281,2.788500611009158,3.420878801023069,4.106438667005841,4.689815252664551,5.274269483147758,5.8450945062249255,6.394281333033617,6.919742035755718,7.38829004013168,7.827742766790697,8.19608174791019,8.412480580111438,8.427739749548527,8.198108939848774,7.791965631537972,7.328373761087268,6.880937783947982,6.428317127923479,5.933918581507451,5.423057476721808,4.945025614061006,4.529659964948362,4.160070305968963,4.082596974292119,4.213042681810079,4.249654014229887,4.175886627185188,4.121681878058175,3.982560019545229,3.7649693571267933,3.794352025257203,4.048518936312522,4.122204461972072,4.0779228981456255,3.9620345893593965,4.281872460661028,4.834379971828637,5.245284994979369,5.415128173336838,5.061839376955204,4.75653316883208,4.98166313018385,5.257865091652959,5.5159778795236,5.25147731445016,5.013654007937679,4.928730932474158,4.517524435201597,3.7358243788307566,3.1110685463343826,2.866677342193643,3.09195162618549,3.5985688813279775,3.8063327386823054,3.6660203506376283
2.1094456336130527,2.0728940858682527,1.9818339568856767,1.85085488279894,1.7111174124380495,1.6860814363765235,1.8032731717390011,1.9673019363448356,2.2185919649449577,2.7153362306978717,3.4243229174423697,4.177471704258482,4.789947747535906,5.360077868475178,5.871387562403061,6.321172085996959,6.740316402253842,7.127591665585984,7.545670503896049,8.003306782342406,8.427739749548527,8.729643734618927,8.754687385905132,8.504369364952593,8.064556343319323,7.527072972748676,6.939646580002448,6.317880540439235,5.7152151349453275,5.172167636146531,4.692549459653348,4.263572485332877,4.179454511312506,4.3488569369433145,4.392216164530785,4.286555947028509,4.2007014950166,4.039769312568746,3.78941019330788,3.779479648307632,4.024118639413162,4.099600667113889,4.070055559225743,3.998190179580765,4.429175258547909,5.041933254700372,5.435703886168261,5.56859192047402,5.214425596099013,4.932095958493096,5.183435307647503,5.4704599634601205,5.7371424182233115,5.4378668696049814,5.146387288747045,5.040366852068326,4.6145636548125974,3.8138953213020663,3.111165949466749,2.8459597364600677,3.1362695962986646,3.6927691506088434,3.9191642010731162,3.7564643910445374
1.880954971017207,1.8398681538802824,1.7434002976326508,1.607166560144891,1.4666347100563482,1.4531441214542875,1.5990196447606762,1.8114284852428129,2.1242042943521833,2.6867610728508233,3.462028011458709,4.267032688738553,4.900121693413129,5.445669542976588,5.887199902558232,6.231808725855834,6.530563023587769,6.807982756539372,7.154535702469495,7.632157521594403,8.198108939848774,8.754687385905132,9.07723030226033,9.07545647313925,8.752072908449556,8.176334483365679,7.46150348106483,6.704441398349206,6.000690087732914,5.387277041652631,4.851725546667475,4.376097346880806,4.280301698623765,4.48663840258247,4.551727162778661,4.42238411151416,4.299357350226047,4.09856564616954,3.813535482361498,3.780813167170826,4.027233516078282,4.112227633601139,4.087432986091584,4.047830972704776,4.54690665606473,5.195959141680739,5.56387081936369,5.657452459252307,5.304186842688512,5.05245492077327,5.321204736640203,5.623692716574971,5.889956176160955,5.550977868268198,5.206597279871955,5.062066323823585,4.62044155954005,3.841397520896015,3.1025930841633564,2.826309281986215,3.1768494171550787,3.7608814799216366,3.9689403592153205,3.7701053145872065
1.6275949282412248,1.5830412240635878,1.4955668227198051,1.3776803315895028,1.2627253254329478,1.2767125030642095,1.4509092612343446,1.7087759731114238,2.0914641874513267,2.7183365014827388,3.552056425865955,4.39820338824722,5.033623910080826,5.524512928746965,5.866419686354431,6.114950912979897,6.310007571865685,6.482134970977028,6.742009062982417,7.180483959157167,7.791965631537972,8.504369364952593,9.07545647313925,9.382795332978384,9.297928958271376,8.79273391373635,8.010500681454662,7.149061715619421,6.337094095840698,5.625456089866515,5.011380407483202,4.486945688383961,4.35197980278879,4.574514779603129,4.695930255669338,4.572203002722225,4.415325691647277,4.178525969714397,3.8573314279016464,3.8249956673483663,4.0869120207903515,4.185501132723913,4.144329417738454,4.130312527297418,4.655913304692205,5.293006558137409,5.617476182973838,5.673768955721872,5.333920810194113,5.106236477234913,5.3637433428211825,5.6775435027853565,5.931992674792583,5.564001483248427,5.185189201346425,4.991676900764163,4.527309095413778,3.822748448643024,3.115059786399758,2.8376415889285926,3.2205730946451956,3.7952925263126316,3.9521401587015865,3.704315303369159
1.5063078594817656,1.4574438945146995,1.3650143941446393,1.2504623337137162,1.1594107736893504,1.2119054403037122,1.433539681060627,1.748507542234944,2.187084367747034,2.85166385081245,3.706168052727519,4.554796187502167,5.166609936596775,5.602639508907956,5.869343911716402,6.037970282496988,6.148864333772728,6.22905354199581,6.394220843911468,6.7546882901968175,7.328373761087268,8.064556343319323,8.752072908449556,9.297928958271376,9.526417560653256,9.272617631341841,8.600093842263492,7.726496139067708,6.824588972327114,6.003254527250197,5.29082107651241,4.6778140030705275,4.466664266129848,4.661571755753321,4.8240907946540315,4.756439499407881,4.615025965994773,4.365172236989777,4.028818719512121,3.9878827812365816,4.252290235240161,4.332063571332668,4.2573407851621665,4.267232150103259,4.8188892508045384,5.422893697957669,5.690650857908706,5.711674173513951,5.390187625904693,5.163433046644199,5.378162569102342,5.677557705047498,5.915581574477445,5.554109236464166,5.1765943796880824,4.96440203285807,4.469568866978101,3.860541541365023,3.2346839280139803,2.961215850026796,3.3410809444615333,3.870032530471956,3.9602757523137404,3.6687359596340885
1.5226589432842799,1.4683028684887498,1.35815056292269,1.2312312492097008,1.1573287556899632,1.2554676182902806,1.5410017354618148,1.9264163081078332,2.4066447486059257,3.0795812679802017,3.9082910266205415,4.70842392648729,5.274533175578061,5.665702105626808,5.892054568710528,5.996425079896419,6.037117271968427,6.044399992070494,6.123873836978473,6.395651159315765,6.880937783947982,7.527072972748676,8.176334483365679,8.79273391373635,9.272617631341841,9.390780657811282,9.051933478003555,8.35057308308804,7.466674421463567,6.57206925548489,5.74661810146162,5.001154014408945,4.6754851647757825,4.794790401254632,4.94781091866673,4.965231590506766,4.900776867049837,4.670235573831429,4.341295068331421,4.262930860811156,4.485794058811244,4.50784743419292,4.396021183729907,4.431902297282588,5.0294448276262385,5.606848979082776,5.8366332099430105,5.842626327795404,5.534481123773787,5.272197173309518,5.420604986407405,5.685226293958731,5.9071419840228465,5.578224044996791,5.242416469592609,5.055132295548732,4.529400853856942,3.993866143651689,3.4623273806533046,3.204864513777306,3.563040701934444,4.0145110457840625,4.015265739170238,3.7104471095916693
1.5955142896636434,1.5367595060460766,1.4108150291432988,1.271824125122849,1.2125903274111474,1.3502798149251536,1.690090580846834,2.132410491430702,2.6387833589308536,3.3061483052783975,4.094439642716309,4.83357129433162,5.3442201954596,5.688646577466958,5.878358421059321,5.922598461011979,5.900579582875766,5.849538767967912,5.857621010163291,6.045099981992905,6.428317127923479,6.939646580002448,7.46150348106483,8.010500681454662,8.600093842263492,9.051933478003555,9.166965750417884,8.838931212548106,8.146131011269672,7.251261800015558,6.302310389272283,5.392074197056397,4.920727830629288,4.941602189283245,5.05000368674178,5.141631757548723,5.18117370358237,4.999703163557054,4.685919302630494,4.5435217678474755,4.679515936121633,4.628898066515572,4.4951017809451566,4.56605137686673,5.214590941580654,5.767567351335517,5.989631412169347,6.01240979743234,5.7156672202082515,5.399720133459985,5.476234035331227,5.693452218512827,5.908704801114863,5.617563777870793,5.346086727925573,5.1915728345715255,4.652513450641765,4.165209634553942,3.7122292417809883,3.486274853272473,3.822062338499615,4.184386140689102,4.073907000659492,3.7891608096871487
1.6073820988490928,1.5497976331397183,1.4388461810550235,1.3216925188600686,1.292615497347921,1.4577581732779912,1.8127953154259917,2.264212229028769,2.7817113142462624,3.4447983516055762,4.218538520167129,4.933709770709045,5.395106877446112,5.66953340857851,5.780059295679133,5.76769953806283,5.694428034841196,5.598002678098373,5.554475394141015,5.65940458803312,5.933918581507451,6.317880540439235,6.704441398349206,7.149061715619421,7.726496139067708,8.35057308308804,8.838931212548106,9.007439350102542,8.697057706824134,7.927945630443404,6.8839535224188655,5.811389246722294,5.166463625508861,5.077994757653142,5.148460286544429,5.277092738714116,5.396909383968344,5.289347310454987,4.97382044274589,4.757384261484214,4.7791192260822655,4.6707481611358626,4.526169428231376,4.628874062733445,5.310261893067932,5.853783941974947,6.100205916455131,6.158778903687571,5.863561956914923,5.4942955620217075,5.507801187123855,5.681192572368226,5.897188540189731,5.633676585783373,5.4274950731643195,5.2792791215191395,4.750783169846035,4.302624963599515,3.9122626421241797,3.7373625111663538,4.050147797658861,4.325394901942001,4.101437689654253,3.8620284180001323
1.6675032193933794,1.6096317287328858,1.512088965171067,1.415436257372668,1.4124811415542393,1.5984328944023338,1.9607247671410555,2.4170012564915955,2.9387302686581753,3.5828579757533947,4.316865514563169,4.981667462059379,5.3859399094411256,5.591417610058059,5.631150452969012,5.563951977988979,5.43809658565734,5.29477686199355,5.1996663789677795,5.2330635083103685,5.423057476721808,5.7152151349453275,6.000690087732914,6.337094095840698,6.824588972327114,7.466674421463567,8.146131011269672,8.697057706824134,8.837687555774982,8.385147581742219,7.4235903560911,6.283737996088793,5.479082125174117,5.249201454042392,5.242791574031929,5.387067411783214,5.578548327837993,5.536113431923071,5.211638509560762,4.923056503028367,4.844994512399719,4.691608731651364,4.544438591160255,4.654546056713614,5.327850373110718,5.880518881089934,6.169447691000133,6.2619621229555635,5.952708633258636,5.547518034738696,5.521608993495288,5.671766368925281,5.865112327039059,5.61290861151007,5.46924409096911,5.32318826072657,4.826244337669516,4.42286348412233,4.096310673701695,3.9961446889471786,4.282577693952471,4.4593540846784085,4.125132200538048,3.941382784138016
1.8218675102090445,1.763162927425272,1.6610357658554162,1.565877361226965,1.5842599727862043,1.8038777321003123,2.1994475783249134,2.684521891009608,3.206457699109295,3.8046183794923665,4.4479483334132,5.002077639166176,5.313672382999312,5.4518164408386,5.451910297485807,5.340479148631967,5.168572660620426,4.980523020676515,4.833211040555797,4.811409535114707,4.945025614061006,5.172167636146531,5.387277041652631,5.625456089866515,6.003254527250197,6.57206925548489,7.251261800015558,7.927945630443404,8.385147581742219,8.390546548371672,7.83948565188036,6.917787933514427,6.080766785566231,5.650969419579493,5.465138799345271,5.57829572372141,5.8039057308742885,5.786880836812197,5.470974283830181,5.162023774926619,5.028464651600384,4.828097975457951,4.674927400874806,4.767276628341572,5.377120070883643,5.943083522365217,6.309429159651232,6.451583319766511,6.131201606155563,5.704047408297827,5.647018942654513,5.7777703355600165,5.909294672816279,5.643893941151956,5.559483627934675,5.438751377595291,4.988349817074674,4.622713231244514,4.355748071600536,4.353026340540544,4.61892526309692,4.692248277181589,4.267115698684846,4.13226925493021
2.0547599037710684,1.9919805369125834,1.873064218171682,1.7707564983649575,1.8173639208372254,2.0910543056051365,2.5503370947623867,3.0845479496018373,3.59815954841493,4.127796021498686,4.6415424539616374,5.040355448145282,5.214965946941944,5.270205142011903,5.24574847877464,5.10925365956339,4.9170236221508805,4.70534503941722,4.516619119684515,4.447397479322571,4.529659964948362,4.692549459653348,4.851725546667475,5.011380407483202,5.29082107651241,5.74661810146162,6.302310389272283,6.8839535224188655,7.4235903560911,7.83948565188036,8.0034392667706,7.732464387820087,7.130232678522649,6.470777390966002,5.982542222681591,5.9764775478337,6.16357622975712,6.113314276394954,5.837530201243963,5.600655816998569,5.465141237000174,5.218200629692741,5.05652116372165,5.10636559546472,5.5752957013051,6.1349964782278334,6.6530592207613966,6.898106687176682,6.57525536388638,6.1157857885037465,6.01216517600763,6.108796211294829,6.16088902090611,5.845706962096633,5.798726755110784,5.725879448098194,5.331428557531236,4.976715648720387,4.758192516190347,4.864333634103293,5.1201750213324635,5.128616968688493,4.656756992431372,4.546903238941656
2.1311250014144587,2.0687747118112374,1.961569495111168,1.8846750141965216,1.9748924086668669,2.295840253950604,2.789946965461419,3.3481108094818013,3.8563819026490074,4.32291161117834,4.720953964486729,4.981927909516399,5.042237966536363,5.014599278598303,4.94546926826743,4.800161408738848,4.617863919927151,4.419617794467622,4.228339075553318,4.12920217916576,4.160070305968963,4.263572485332877,4.376097346880806,4.486945688383961,4.6778140030705275,5.001154014408945,5.392074197056397,5.811389246722294,6.283737996088793,6.917787933514427,7.732464387820087,8.335380764220302,8.259014254575984,7.517834471631098,6.7286353773703045,6.484677295177701,6.521054494544432,6.383906671645643,6.15068270636896,6.050489960619288,5.952453449829383,5.697291713052379,5.53792902925343,5.546423820536524,5.837630459715763,6.364547960155988,7.064649604172121,7.433735769986982,7.153900352638392,6.680937571278824,6.513586998780166,6.56077120869632,6.527455050395268,6.135249087670236,6.081856488758696,6.054483434505426,5.735279694627997,5.360406869656852,5.152444081023488,5.336532036260762,5.589575774472209,5.588999049402679,5.118892373626084,5.024686801590115
2.091222090908725,2.0272560732870986,1.9129968862014313,1.8349078193500012,1.9379348188041388,2.284140391805928,2.8112155559553758,3.3950814507958054,3.901295679283187,4.345744588763168,4.704488070738573,4.918792604878292,4.937119196750203,4.889253861340028,4.822903292934726,4.680610989583278,4.511138872957538,4.328806689688457,4.147315598065136,4.052088105673141,4.082596974292119,4.179454511312506,4.280301698623765,4.35197980278879,4.466664266129848,4.6754851647757825,4.920727830629288,5.166463625508861,5.479082125174117,6.080766785566231,7.130232678522649,8.259014254575984,8.841306909380256,8.46303349801743,7.618036641602635,7.07318099206056,6.82960596696886,6.522873139214342,6.297113939117985,6.312461906141264,6.2878444250094025,6.07104190582892,5.951686456178048,5.937044235273133,6.095024279761273,6.5736014816806625,7.382235376983189,7.818680826406712,7.607174195103445,7.180199633900075,6.993177074823463,7.0136936402414465,6.931751652161211,6.455064062223581,6.3267679583037015,6.299294444752202,6.058029169593848,5.6420303426433955,5.394053376680331,5.589469071986297,5.843137802295677,5.887382945234097,5.469825948769617,5.371445940694906
1.8444211031582987,1.7812117489194563,1.6706774651161764,1.5943911290605102,1.6942820629733117,2.0400131102627825,2.571316438961149,3.164548082689571,3.6910327425343006,4.174165076066666,4.591972577587481,4.871541344002736,4.946300128308542,4.930744016308046,4.87241579297638,4.7295703824865525,4.562022761154879,4.390901187953541,4.226681875466989,4.152705282540514,4.213042681810079,4.3488569369433145,4.48663840258247,4.574514779603129,4.661571755753321,4.794790401254632,4.941602189283245,5.077994757653142,5.249201454042392,5.650969419579493,6.470777390966002,7.517834471631098,8.46303349801743,8.802912559986245,8.372071033290206,7.626152417113343,7.028580080025122,6.504641627369599,6.219468897896182,6.264615894555098,6.296337213891663,6.149534798036054,6.0979287616984355,6.10507660831688,6.2315470186326,6.649110712348723,7.422784807337998,7.833263607440991,7.670077106730014,7.332206589146029,7.176180812614054,7.2099339650814045,7.121996398065272,6.594990071970652,6.369750203645686,6.2651562009639115,6.08134613577823,5.6492168509999,5.342722078830021,5.498577036981318,5.7646605663688275,5.872699020577314,5.538294093090031,5.411056342174376
