0,1,2,3,4,5,6,7,8,9,10,11,12,13,14,15,16,17,18,19,20,21,22,23,24,25,26,27,28,29,30,31,32,33,34,35,36,37,38,39,40,41,42,43,44,45,46,47,48,49,50,51,52,53,54,55,56,57,58,59,60,61,62,63
8.655361923785362,8.555558948665887,7.988541641143514,6.9796769811086,5.745765515308509,4.780698388212218,4.420758483573413,4.083704452997469,3.4072162279324667,2.81380140934131,2.400563240087819,2.530277008262914,2.621310940727418,2.4990684716431346,2.1928739091125,2.162483275979518,2.4130470841917915,2.5574786164916365,2.885827776136506,3.1466934124884447,3.113440570090189,2.9238875998721547,2.594429768497824,2.5179133484219327,2.4254503892846464,2.0261572786907465,1.7540330230587613,1.7806698313400158,2.0352876265380626,2.003303181356289,1.8499919625899535,2.018935205584973,2.251734847716268,2.035677415470304,2.1739767059206923,2.3332348688027276,2.246099212037182,2.1555234255818956,1.8755355226019006,1.694954873850254,1.622266064652863,1.6945508721016975,1.7471805769654092,1.7739930942424633,1.8492148127401875,1.7411594711940757,1.6467821968618908,1.7002896578635618,1.316868808405242,1.30744469349927,1.428486379033181,1.4327268180422967,1.3842001532719768,1.478232174895431,1.706900363314062,1.7904000439582282,1.8995283967198322,1.966016236796748,2.0366510158787325,2.2549746271222513,2.369766213626966,2.275892008754397,2.183266907803846,2.1790583341741785
8.555558948665887,8.483005412068087,7.967229548430833,6.993725990421609,5.768941908931467,4.805242019606496,4.43171748763818,4.091643638768716,3.416085965876425,2.8098766905004986,2.3712177636849305,2.472034014359733,2.5591762660346156,2.4523000911745325,2.16723921292047,2.1309334533010906,2.364154283261813,2.5098259550990396,2.8353380582531065,3.0904691305642795,3.062881973128305,2.8730291399090566,2.5472548307937064,2.466992428246478,2.3728904533542754,1.9872319710211268,1.7239846276149906,1.7517266885121296,1.9977900062729448,1.9795185226714114,1.8515065578279406,2.0276153482262123,2.253483812373166,2.0554695561153165,2.183250344099153,2.3335714849318383,2.245527859943613,2.1452562960240167,1.8807335908683096,1.7088384217541408,1.6380167446083362,1.697641827285005,1.7479955738760586,1.782348670274346,1.8558521519213849,1.7457726693397442,1.6431110071146842,1.6876659641556955,1.3134911556875408,1.3051840232371406,1.4240052144420179,1.4259570641727302,1.3771753381434284,1.4722502740804144,1.707596614097411,1.7937894169912705,1.9030127375995352,1.9748773639465884,2.0448114058436975,2.260318208129611,2.3738710302876673,2.2770479156861256,2.187372420418286,2.188750870462148
7.988541641143514,7.967229548430833,7.672998800421778,6.9552798194278544,5.854391741201109,4.930717907861455,4.5550679521310995,4.258492585998049,3.6192535587954486,2.974375424446076,2.4571697090437232,2.4388473381479807,2.5105336540888787,2.446826936255049,2.2257545614498966,2.171988506207026,2.3161455112442537,2.4173871605075608,2.7100605662091115,2.947637183647115,2.944639332120422,2.7938879630790603,2.503392716583276,2.396860079778689,2.2724610549888173,1.9433401493785845,1.7341851150025742,1.791067081777227,1.9824045067877225,1.9809260452206638,1.959406554945566,2.138691036811714,2.313153146148083,2.1747993403577714,2.2795026237390776,2.388435713114454,2.3122089318177084,2.1921652493706554,1.9678060390906158,1.8375826967571869,1.749698016711828,1.7609937921477736,1.7984080994666152,1.837170719777298,1.913029896972733,1.786072284259069,1.6572990788726156,1.6578358316917001,1.326250229227744,1.3138609018929073,1.4323553557352489,1.4292658215435927,1.3795757707455691,1.4913587821708651,1.7288579710374972,1.820956262333043,1.9146429403707563,1.9914610950209195,2.065680256961801,2.285836942898636,2.389001752055361,2.2780132364859083,2.186741288749509,2.200046889809289
6.9796769811086,6.993725990421609,6.9552798194278544,6.685167383460021,5.922857526457984,5.12313940741161,4.756787860639708,4.506766290473499,3.916573861700822,3.2267838685499175,2.608501685397159,2.4023924003266046,2.4029346982332496,2.3582082744856687,2.2064021165404766,2.156451934258628,2.1991824350443743,2.2269817029277004,2.4353686150056064,2.63642350342516,2.6619950184208236,2.591985061874746,2.377145483508461,2.243597706358705,2.0759347172369824,1.8263208995185058,1.7036438725416774,1.8207818304549526,1.9217206285656687,1.9396561942208024,2.066633890963864,2.2665611140642263,2.365482399315064,2.2899022858931395,2.3922361928454823,2.4303383384950066,2.378388487008704,2.2454844702151204,2.0591240546720706,1.9934915483023812,1.8741187545261258,1.8346564180114233,1.8498049315799432,1.8778986184484128,1.9424691200926139,1.7967668220074036,1.6314101681642668,1.5544308133987055,1.2870943705580689,1.2731270202459068,1.3941920376360764,1.377891072887178,1.3247074197662916,1.4637426919489354,1.6909316571863755,1.7910651469579952,1.862324741166956,1.94679116868252,2.0365326003799344,2.2790423738717362,2.372759472860781,2.2234753450593097,2.1110594195700854,2.1309577370697963
5.745765515308509,5.768941908931467,5.854391741201109,5.922857526457984,5.733911330941734,5.301394596893698,4.893435683945075,4.494878137825154,3.947874681449256,3.3497967652414706,2.791126569456772,2.408657546825642,2.192246893450779,2.0515938300471643,1.9696946239083446,1.9690878856574676,1.97294613436261,1.9621603913419974,2.0140491383631147,2.10821950719985,2.1418349060543336,2.153172809125884,2.0490314933077856,1.9181385661753791,1.7380781510339267,1.5745740902991232,1.5323039853006588,1.669370461315493,1.7210933309445438,1.8290084854798385,2.084366469610395,2.3056411739664076,2.3691201804843427,2.3586478386382197,2.468428464380099,2.437014550922353,2.3906561174050798,2.2857769160749535,2.104757143041202,2.073181323024018,1.9366111564528274,1.8780003544897872,1.8865736767374501,1.8973116071186555,1.9253391644056435,1.8072986420303006,1.618299886625365,1.4763176083737273,1.2415300245681617,1.2248849832128834,1.3471597875827204,1.3406204061211358,1.2828194433359381,1.4127518444988352,1.6060601823427196,1.7072547044294786,1.7825343818648873,1.8692766989121872,1.9653199811703077,2.2292964498569403,2.343071750104637,2.1355758467590924,2.005043013076809,2.032432334033549
4.780698388212218,4.805242019606496,4.930717907861455,5.12313940741161,5.301394596893698,5.4164161354678795,5.180885390567274,4.6899555716745605,4.189195609553165,3.729202021397974,3.2785482829058834,2.8575323505703527,2.5441956345368224,2.279026635174211,2.1394234346714005,2.0396560627166167,1.9183452261942444,1.915689994919678,1.9743512731593764,1.9965055232489752,1.9783541975530026,2.005748311617014,1.9856826874625648,1.908035940229581,1.7950406232958902,1.699582066427996,1.6766787097855018,1.8317485888685088,1.9400218581002555,2.0963553262468753,2.378851283028671,2.6801086524032502,2.731849312920993,2.7226168012093788,2.8560879028685844,2.8060402747108695,2.7639702940304707,2.670159038873093,2.4081830815239273,2.3192141731876403,2.127227784214574,2.0635380698783585,2.1073133872612653,2.0773193438572983,2.064586012148114,2.0052637546187215,1.8888920030020442,1.7279916537091597,1.444779492201785,1.357850273196309,1.4645444753694528,1.5119373086536667,1.4375781954439462,1.508376794118785,1.6367483597664223,1.7060820675793174,1.7737536000796483,1.8267954282998287,1.9040156929325298,2.168816547244826,2.3217867386702675,2.054299347857787,1.9076635271750897,1.9668458904487807
4.420758483573413,4.43171748763818,4.5550679521310995,4.756787860639708,4.893435683945075,5.180885390567274,5.499352799362555,5.5559110282090085,5.22857321106968,4.666539191823274,4.051294109419292,3.601627489721114,3.3460635806148495,3.02582431901506,2.760457625841558,2.50850319930837,2.2391847837794336,2.1696514240304983,2.2560804220737567,2.3096307013157564,2.3044466072013305,2.3219544823694322,2.3013857230954318,2.2188076248040134,2.09867307121123,2.028027390221682,2.0902610594493733,2.2741698709392177,2.349234941314629,2.543791792545495,2.911811675328793,3.259876401250032,3.275055267921449,3.287156994063663,3.3936111205749264,3.398901821096692,3.4349945472489574,3.2474841773816077,2.8665863281133896,2.6129805598719633,2.355572291804132,2.3533743681313792,2.4716835392341294,2.382141594047179,2.2507262608147274,2.219159814767569,2.1983110507288077,2.0133828987937163,1.6519543219278576,1.4646451306890291,1.567746100596544,1.6702992704147013,1.5357155892378778,1.509674893121416,1.5550000324201565,1.5850225214215505,1.6414982453306708,1.6951395216646101,1.7922489195896882,2.086288222498472,2.290782429095054,1.9573489602418264,1.717752274792242,1.7755426141363915
4.083704452997469,4.091643638768716,4.258492585998049,4.506766290473499,4.494878137825154,4.6899555716745605,5.5559110282090085,6.719287054168925,6.890357387542961,6.147830957628005,5.0963261605629775,4.563441820106256,4.454713507831319,4.188036082619559,3.8152814347441155,3.386241417692581,2.948188123526228,2.703889649873277,2.635451459721326,2.69861991354097,2.844046447497508,2.9335315114380993,2.899946352640187,2.7362817630032024,2.6130315853660924,2.6368759231128687,2.8551616298540266,3.1383691128258975,3.0392836209972534,3.2801031629925252,3.82926147821287,4.077012761230796,4.027133036684821,4.103649293243765,4.120492379122825,4.241759053898217,4.433130312046675,4.0857134793672065,3.6187171909648246,3.1164642133284244,2.7965944469887356,2.881145855678333,3.1015264320747016,2.934863717825289,2.6269130995714645,2.617042961381869,2.691399050630408,2.4630911598484273,2.045886127938029,1.7301011365959202,1.8291225346423172,1.9990904098253692,1.7969739082641318,1.643156906555921,1.5981155583270983,1.581369467753668,1.609686619883084,1.6781823694621432,1.8003854359971023,2.1434825901927845,2.4118781413390065,2.036392508127334,1.6638494697381156,1.694543817660821
3.4072162279324667,3.416085965876425,3.6192535587954486,3.916573861700822,3.947874681449256,4.189195609553165,5.22857321106968,6.890357387542961,7.619720883216366,7.184035608891151,6.155975191184285,5.620280804106333,5.565897993634921,5.351442750086841,4.958872820785304,4.385237326747009,3.767674415046604,3.3532013109209062,3.091779749874715,3.0848507783063934,3.3096794442690367,3.4898173646525676,3.499334639093942,3.2860324368093994,3.21528454136571,3.406570019257783,3.7469976605856403,4.063239385112531,3.9269573973569583,4.210379588086755,4.762449242703239,4.831960038432332,4.710554135093873,4.8233630453262375,4.769199960152154,4.978219281750041,5.254057473220846,4.856919308408042,4.33515043199099,3.6476773506192854,3.28885165939468,3.4050255223413153,3.678212736312102,3.492048868421483,3.106938811572416,3.1699864408126053,3.3800863653630784,3.1777110415387653,2.7373134473749468,2.290880729172808,2.378778141498946,2.626429083691168,2.414261462670356,2.136723561364557,2.007092357113958,1.916244062302606,1.9045282183370382,1.939804579453548,2.0357674397525067,2.369904402422564,2.664118142339442,2.327404832796204,1.9117282755952802,1.9303377532961146
2.81380140934131,2.8098766905004986,2.974375424446076,3.2267838685499175,3.3497967652414706,3.729202021397974,4.666539191823274,6.147830957628005,7.184035608891151,7.550214849858988,7.146155831410509,6.747556331800041,6.654303751940338,6.480983022368576,6.147121589425295,5.4367984601879735,4.640944044627316,4.108483204220709,3.7053095218841765,3.58389818797067,3.798621520109631,4.036393242702251,4.089688784953196,3.877855250968885,3.9078149912446154,4.29598446037459,4.718228626159697,5.033925063736133,4.953338792730908,5.206116463865898,5.569462518265536,5.391590457886844,5.1595669828406745,5.257481881631854,5.205606033381453,5.449299503766956,5.758365789349703,5.426490485122669,4.857848724476387,4.093338320434615,3.702623067014489,3.7881264001912047,4.064187093807349,3.9213002399886845,3.6218561596255037,3.786279021269671,4.164220466645601,4.0752101351239896,3.6352356954667386,3.077870142295669,3.1553109710316196,3.4745811879543154,3.3210983808556764,2.9326973019483056,2.72704873256733,2.5269831733897328,2.462697576585555,2.4032875957889592,2.4414083243096556,2.714097734265954,2.984108221081373,2.7628236526988563,2.418874566234496,2.4545439219404885
2.400563240087819,2.3712177636849305,2.4571697090437232,2.608501685397159,2.791126569456772,3.2785482829058834,4.051294109419292,5.0963261605629775,6.155975191184285,7.146155831410509,7.938481929722023,8.0612871044386,7.90933495912285,7.587677468052851,7.225388062794368,6.4816138860555395,5.552128828672662,4.896915880542297,4.434771808489106,4.276002538389365,4.391832394547184,4.589657674858293,4.787120623990624,4.772770202914344,4.848582754406265,5.255054084352009,5.725019278549685,6.117882525152076,6.168108163349517,6.247107841387358,6.2852617212782675,5.9467773127079715,5.524236324738896,5.539673177288536,5.632950591586035,5.8327762459890105,6.207621679515197,5.996950761809198,5.355477628167923,4.600575818641364,4.146648947005265,4.199385243853927,4.423313736343593,4.392628487549252,4.262411849810991,4.516202155644167,5.060530205270191,5.138804300140863,4.674622852202723,4.00613138963772,4.044071807266041,4.43183368878842,4.369122832347734,3.9019748147826507,3.6565131491006304,3.325465177372932,3.1695611508744923,2.954943044645387,2.9594646115106165,3.150902604920939,3.3731987461543587,3.2818824172067216,3.0699556588630963,3.145379643859334
2.530277008262914,2.472034014359733,2.4388473381479807,2.4023924003266046,2.408657546825642,2.8575323505703527,3.601627489721114,4.563441820106256,5.620280804106333,6.747556331800041,8.0612871044386,9.074866797259512,9.397001206677972,8.981047875429649,8.203761818046486,7.301180570962136,6.395860711355726,5.783511782412959,5.4987482617959405,5.362851216195639,5.33890995368052,5.40969215714545,5.629568314079279,5.850371875759312,6.134320270296971,6.410660687837895,6.709155928678169,7.286508174450164,7.621489249349421,7.469428079527176,7.071030283012515,6.721196141703441,6.241176406646233,6.008507613105909,6.260345908195275,6.520021673065849,6.893051364011673,6.791127138963334,6.031186409479056,5.189218667192374,4.6802602133133115,4.707976045482556,4.929755997494722,4.938978843723688,4.916857625040502,5.264955188824952,5.973311508815228,6.215259654319177,5.6324829110109365,4.821217022875448,4.795225119234187,5.229945947226812,5.187460332566991,4.64428379678588,4.383752310817148,3.9768864369863084,3.7071591987513415,3.3332805722044854,3.2896260217341284,3.413750340525266,3.6395525161403017,3.6657554138683452,3.5311244696281223,3.636564502570573
2.621310940727418,2.5591762660346156,2.5105336540888787,2.4029346982332496,2.192246893450779,2.5441956345368224,3.3460635806148495,4.454713507831319,5.565897993634921,6.654303751940338,7.90933495912285,9.397001206677972,10.373079879961884,10.201250204992784,9.185394471489843,8.061005740617796,7.121934639902979,6.55612697030292,6.470391824295344,6.39508678107804,6.3268571005256184,6.322661973795825,6.466965247926948,6.750193014099905,7.189615125512064,7.40692418643781,7.553258760201595,8.215771589094189,8.68858607205608,8.41639022504592,7.791973171531088,7.37894685223189,6.893151621760104,6.511723162859232,6.775450848982732,7.133979673053723,7.4771633436643645,7.379535582477223,6.635762471247812,5.692082914416414,5.143595894659767,5.090162354027991,5.310579198139347,5.330034240565442,5.376866883065489,5.786079651199536,6.592723730855239,6.931414263498584,6.289232591919554,5.353382926954063,5.305593522519069,5.731376918258663,5.677123765133177,5.089091246503516,4.811018382528562,4.370511790218722,4.0167696624497395,3.545132220020674,3.4418355859750505,3.521061910710179,3.7397943657791153,3.851444380128317,3.7637126055693306,3.8887691856455264
2.4990684716431346,2.4523000911745325,2.446826936255049,2.3582082744856687,2.0515938300471643,2.279026635174211,3.02582431901506,4.188036082619559,5.351442750086841,6.480983022368576,7.587677468052851,8.981047875429649,10.201250204992784,10.540699981937035,9.807319464155398,8.631258905507016,7.620561576470273,7.026595813447991,6.952263480713664,6.905717884241013,6.908370221625113,6.957737722877878,7.016259004375783,7.159470468191279,7.539893011717479,7.789888269602895,7.9396380579385895,8.541592366883194,8.912170150643444,8.591816053023303,7.959406696285406,7.451564449783177,6.953666896911764,6.594569899757576,6.775783660901445,7.193981613777826,7.469894702677397,7.332745503856224,6.7673488586037385,5.832946645035781,5.318132772823636,5.187724639458783,5.350095630499525,5.385144295900711,5.502058324387585,5.924946144335101,6.757632940675027,7.116224074708552,6.561443816413027,5.606006063876422,5.556502063546558,5.932398330360868,5.891320581110157,5.313504039127427,5.010887850584578,4.563221915684186,4.1819868905211255,3.686259565921376,3.529455692780757,3.5632382132752354,3.7368571364544407,3.9334747850651137,3.902761370897133,4.0137789788956395
2.1928739091125,2.16723921292047,2.2257545614498966,2.2064021165404766,1.9696946239083446,2.1394234346714005,2.760457625841558,3.8152814347441155,4.958872820785304,6.147121589425295,7.225388062794368,8.203761818046486,9.185394471489843,9.807319464155398,9.734862915110623,8.877567122427335,7.8530024428226035,7.151016289832834,6.87230286374591,6.804763889730721,6.937004212433067,7.10939154239231,7.157193669582778,7.07283149479422,7.2028665404606596,7.5501767848960855,7.860341997311043,8.232975192111322,8.328016590265403,8.082682637034075,7.664650428728794,7.046028071240007,6.498818373971989,6.341026105331164,6.439725615985664,6.809356310278363,7.05444563002506,6.872467286616662,6.490930684480198,5.686495535284268,5.234344689112639,5.068365639490982,5.160970748527584,5.230968388136166,5.385980160665316,5.7881834700581685,6.524613019430325,6.82444873799816,6.429931619924393,5.556998760037982,5.516601227140036,5.8342278621963395,5.806754138603409,5.309781339022384,5.001973953313063,4.5526706239187185,4.181579089036586,3.722912759192535,3.5468249275490584,3.5588022773800336,3.683636725693491,3.9191531715426757,3.928063042582684,4.018333433667644
2.162483275979518,2.1309334533010906,2.171988506207026,2.156451934258628,1.9690878856574676,2.0396560627166167,2.50850319930837,3.386241417692581,4.385237326747009,5.4367984601879735,6.4816138860555395,7.301180570962136,8.061005740617796,8.631258905507016,8.877567122427335,8.583549665632834,7.863000761728626,7.175795218649188,6.744816564984036,6.64264963050919,6.816457242470591,7.026096389022959,7.041734184361832,6.86845238005784,6.807529738981771,7.048377653886965,7.35097776111339,7.566135951305788,7.506042266680899,7.286526803768635,6.958623193548527,6.366122669732176,5.834329366892739,5.763332249717793,5.910385775163811,6.19361047147938,6.405617182328614,6.283766627917485,5.988530682341617,5.368115290434738,4.976954662882214,4.842434580286617,4.867419473403083,4.942674861763592,5.106132693326388,5.488730923113381,6.0887049197342344,6.316132723244353,6.0214569015551005,5.289919677271228,5.26792879577059,5.532718734845063,5.489778656618587,5.11277232931227,4.851958425086086,4.428165961967768,4.073821709166299,3.6442428877769384,3.4688752596719756,3.4691325643334205,3.577420744388589,3.83161127263387,3.8512093266596454,3.909185322048615
2.4130470841917915,2.364154283261813,2.3161455112442537,2.1991824350443743,1.97294613436261,1.9183452261942444,2.2391847837794336,2.948188123526228,3.767674415046604,4.640944044627316,5.552128828672662,6.395860711355726,7.121934639902979,7.620561576470273,7.8530024428226035,7.863000761728626,7.599456156013313,7.152310249477687,6.772161600479844,6.657410897664648,6.778894361501085,6.901498220402462,6.80983668810177,6.6221266230377545,6.562595513564809,6.633958566546808,6.727527010597827,6.818603283499821,6.746741178567054,6.505597658529484,6.146688064636901,5.572252298559938,5.14780607369403,5.071895765707067,5.2517532068604185,5.5130742492905735,5.693411347290869,5.639042040016708,5.406669094419529,4.911238230677075,4.601723349575386,4.484324494128596,4.4709561521614125,4.522731850805039,4.711666077162168,5.094715802615068,5.589454268176684,5.788944544857009,5.526182286622713,4.921273882030445,4.909722574697921,5.136767700818305,5.080305570851268,4.7828012124679535,4.56873124427187,4.180703156336657,3.8365317895224447,3.4251894223888137,3.244239259288882,3.22719337114051,3.3431391539418454,3.6334605409319387,3.6609555963151537,3.6811587383371998
2.5574786164916365,2.5098259550990396,2.4173871605075608,2.2269817029277004,1.9621603913419974,1.915689994919678,2.1696514240304983,2.703889649873277,3.3532013109209062,4.108483204220709,4.896915880542297,5.783511782412959,6.55612697030292,7.026595813447991,7.151016289832834,7.175795218649188,7.152310249477687,7.096214513276506,6.986446559140652,6.887425372654461,6.882604171731614,6.891027473773821,6.7205646993948625,6.565074722660168,6.491662411326397,6.37450133834008,6.261473415628422,6.368268636678992,6.3206100393231655,6.000422781904516,5.588897661359276,5.115875095537075,4.727392051261833,4.58963319021702,4.835746364633925,5.051205892294507,5.196004887403325,5.214128715522747,4.976996633944821,4.58126563391371,4.280808240832267,4.164764836629955,4.102126912129001,4.132102625119381,4.368690683052263,4.748969248973018,5.187444828329389,5.361957809503372,5.124486128897744,4.588750283380709,4.577707404069494,4.7784323858239315,4.697954695669039,4.430770897833311,4.254700641093828,3.8977743895133625,3.539626720574928,3.1066631210997047,2.9133874888452134,2.8726949606640626,2.996249884370696,3.3167885285389955,3.3783295401770737,3.3952073457482643
2.885827776136506,2.8353380582531065,2.7100605662091115,2.4353686150056064,2.0140491383631147,1.9743512731593764,2.2560804220737567,2.635451459721326,3.091779749874715,3.7053095218841765,4.434771808489106,5.4987482617959405,6.470391824295344,6.952263480713664,6.87230286374591,6.744816564984036,6.772161600479844,6.986446559140652,7.436407584745507,7.6037431432879234,7.4874698061917995,7.299821064324927,7.03676343277289,6.960924685860882,6.91689422619246,6.600668137868354,6.206463032950331,6.264212752462097,6.395075316811727,5.95794937407004,5.333357804658157,4.980934640643463,4.687808781428481,4.423471135399731,4.735797946774912,5.004437855582994,5.024319863526655,5.047661293109913,4.824052064696754,4.480359856535557,4.2061761199887195,4.041674377182788,3.9410743124759966,3.916217975215725,4.213240222043764,4.611030212898223,5.053669910068136,5.24499916908051,4.960392827279877,4.443201104541669,4.432134156189326,4.6130078311385345,4.514672351161744,4.26572420613603,4.099547359670609,3.762958221625135,3.35978552231962,2.88106866648799,2.667489743361034,2.595201596686828,2.724067739419101,3.0894095303790556,3.177975471960326,3.203675140980777
3.1466934124884447,3.0904691305642795,2.947637183647115,2.63642350342516,2.10821950719985,1.9965055232489752,2.3096307013157564,2.69861991354097,3.0848507783063934,3.58389818797067,4.276002538389365,5.362851216195639,6.39508678107804,6.905717884241013,6.804763889730721,6.64264963050919,6.657410897664648,6.887425372654461,7.6037431432879234,8.120125948739702,8.129236934419705,7.8904134864066355,7.5733413797555995,7.489297166379557,7.399986036062154,6.975984932506934,6.4507699676300865,6.343692941941448,6.502819438052455,6.066579868468079,5.343558078200221,4.976672523311276,4.73713126984041,4.464282995620626,4.776425573707259,5.119358790296755,5.067559053858145,5.038125603607353,4.869274993630406,4.555832955270778,4.325669289488172,4.120776166721422,3.993927342142204,3.923819262789538,4.236700522864836,4.65222024606058,5.065183678921352,5.256402441209303,4.955437315596361,4.440980519094745,4.444724638533973,4.607183315713171,4.5160390328060815,4.297544071906708,4.11483665245392,3.7894111960173587,3.358500662730946,2.8744132607064667,2.6524575875247267,2.563847599053446,2.6908464715522786,3.0756922263864093,3.1559152555016343,3.178583860663959
3.113440570090189,3.062881973128305,2.944639332120422,2.6619950184208236,2.1418349060543336,1.9783541975530026,2.3044466072013305,2.844046447497508,3.3096794442690367,3.798621520109631,4.391832394547184,5.33890995368052,6.3268571005256184,6.908370221625113,6.937004212433067,6.816457242470591,6.778894361501085,6.882604171731614,7.4874698061917995,8.129236934419705,8.493988862110061,8.476839755459082,8.16310681812425,7.952372975619306,7.775012950210885,7.360560418324346,6.877134978161124,6.637041534048445,6.647376693621724,6.236057324941609,5.607250433828589,5.114803241209609,4.845122968499761,4.669119280742446,4.913670836914986,5.300663967757847,5.305040564818152,5.198799446117332,5.091218708155076,4.76541197343417,4.5664830763049,4.347182067561333,4.228309598915933,4.14054560338786,4.441272504006286,4.84717565618898,5.213446965045312,5.368674389546653,5.103297654805071,4.567348025503439,4.574829724159809,4.725792649519512,4.658177335385821,4.451728780237653,4.246093082288814,3.936653257599373,3.49257729049699,3.0292594932797963,2.8059904500961514,2.7160979461167014,2.832284590693679,3.203160703486418,3.268656614637537,3.2836552197698885
2.9238875998721547,2.8730291399090566,2.7938879630790603,2.591985061874746,2.153172809125884,2.005748311617014,2.3219544823694322,2.9335315114380993,3.4898173646525676,4.036393242702251,4.589657674858293,5.40969215714545,6.322661973795825,6.957737722877878,7.10939154239231,7.026096389022959,6.901498220402462,6.891027473773821,7.299821064324927,7.8904134864066355,8.476839755459082,8.904500510841705,8.768668629999642,8.425511782542339,8.091768258270177,7.669033111290514,7.317040706845771,7.164652186699147,6.966351025937922,6.463013668351802,5.92231885176239,5.408483775263906,4.997768962192619,4.848697997891058,5.137901230518063,5.469895459052161,5.560679221967277,5.450750025924307,5.319459698502812,5.039232299116015,4.796167358125347,4.608286152647386,4.4503482287585765,4.390536526425197,4.711012788218898,5.047082558369244,5.3674869617041505,5.461067097367961,5.27404532022824,4.719315441628545,4.699452172343029,4.832526984357836,4.774858481570545,4.605643403138037,4.404059807162683,4.117616815361701,3.6434492049115206,3.1794646818452614,2.967971466817396,2.8709388807224645,2.9689429228313706,3.310598025333099,3.371167876525202,3.3733475400893096
2.594429768497824,2.5472548307937064,2.503392716583276,2.377145483508461,2.0490314933077856,1.9856826874625648,2.3013857230954318,2.899946352640187,3.499334639093942,4.089688784953196,4.787120623990624,5.629568314079279,6.466965247926948,7.016259004375783,7.157193669582778,7.041734184361832,6.80983668810177,6.7205646993948625,7.03676343277289,7.5733413797555995,8.16310681812425,8.768668629999642,9.011298755568667,8.800155512782883,8.414222823428553,7.989763758758013,7.686869287157253,7.587308233568069,7.324504333805832,6.774983855180796,6.203318560137387,5.717692966035592,5.218982794821276,5.054242488920813,5.422977438378869,5.70904423848578,5.816509025940771,5.713093247971286,5.553371759942203,5.27569598400752,5.010262782644821,4.856632575346006,4.661070249867944,4.662830451452753,4.990895792286868,5.28168381918538,5.6076139632182835,5.691824969183528,5.522575405936284,4.950564251351542,4.9026067844316215,5.035933906100929,4.979871025241953,4.801992400344528,4.606777655769653,4.3188099770603685,3.8141497785352483,3.331335430257609,3.1489755246875717,3.0480257791279195,3.1476468978631345,3.447921419313634,3.51351897076226,3.514260099175112
2.5179133484219327,2.466992428246478,2.396860079778689,2.243597706358705,1.9181385661753791,1.908035940229581,2.2188076248040134,2.7362817630032024,3.2860324368093994,3.877855250968885,4.772770202914344,5.850371875759312,6.750193014099905,7.159470468191279,7.07283149479422,6.86845238005784,6.6221266230377545,6.565074722660168,6.960924685860882,7.489297166379557,7.952372975619306,8.425511782542339,8.800155512782883,9.092053118764905,8.967497116370412,8.455099365144836,7.9850373367291425,7.888048793262306,7.747977824414973,7.164568907051707,6.385428591463071,5.924028273060348,5.421638333070978,5.135376351290033,5.591578035852652,5.904571276875243,6.0132836085084325,5.952892905390825,5.707356192353453,5.398280232501677,5.124533583445831,4.983439049164064,4.804159970202178,4.8372667015405195,5.183599767770062,5.520156108641304,5.89868645599592,6.05102836136247,5.822193748066286,5.228964939682039,5.14547268171599,5.295280912636012,5.276875940791189,5.051248618668035,4.853136716278931,4.538309318917407,4.014718265378835,3.4942859207530774,3.3075343638173913,3.1958079359097846,3.2955224677063972,3.5986259145374704,3.6931657008192653,3.7063258955717875
2.4254503892846464,2.3728904533542754,2.2724610549888173,2.0759347172369824,1.7380781510339267,1.7950406232958902,2.09867307121123,2.6130315853660924,3.21528454136571,3.9078149912446154,4.848582754406265,6.134320270296971,7.189615125512064,7.539893011717479,7.2028665404606596,6.807529738981771,6.562595513564809,6.491662411326397,6.91689422619246,7.399986036062154,7.775012950210885,8.091768258270177,8.414222823428553,8.967497116370412,9.51926008223537,9.261605557327307,8.61704511219028,8.326902933072923,8.3550945334483,7.800964768799882,6.844093631777004,6.1954745962173385,5.7997795540871735,5.4657849100439,5.8265659506655725,6.28395174565066,6.414249819062882,6.308775096242825,6.023760506694431,5.578553815578887,5.342624871091223,5.163699259795652,5.11345332537267,5.101079547343371,5.450288938591674,5.881947553513193,6.343417604111642,6.607014491217779,6.275886506496414,5.6181840870294835,5.508886111755199,5.694163677451565,5.702857516617498,5.397429482159109,5.164057486991683,4.820514393009989,4.297002876458394,3.7614966323110592,3.5508821519225897,3.42920471999433,3.5186779168228983,3.8509976462833606,3.947067853342563,3.9784904746389365
2.0261572786907465,1.9872319710211268,1.9433401493785845,1.8263208995185058,1.5745740902991232,1.699582066427996,2.028027390221682,2.6368759231128687,3.406570019257783,4.29598446037459,5.255054084352009,6.410660687837895,7.40692418643781,7.789888269602895,7.5501767848960855,7.048377653886965,6.633958566546808,6.37450133834008,6.600668137868354,6.975984932506934,7.360560418324346,7.669033111290514,7.989763758758013,8.455099365144836,9.261605557327307,9.643680215420629,9.316726117420373,8.913835149272053,8.887557585205494,8.425321056962083,7.505938441354187,6.568422691550526,6.125043976508711,5.901557848807946,6.104058715997503,6.623471208241843,6.779192221417907,6.59844508431089,6.337916587851637,5.754581409011011,5.509687359532143,5.259135151965194,5.310999732149666,5.314399872189586,5.641338346648495,6.104039648634232,6.620425647417253,6.914391109436835,6.587776655932669,5.873539743277021,5.754976160328218,5.963942130152561,5.984771874043649,5.616010285900248,5.349835851805106,5.004875052438692,4.508758066660307,3.9825611095477194,3.779651559566244,3.6687633738665775,3.7407700573596747,4.0594888212319,4.137045632991632,4.204768670775125
1.7540330230587613,1.7239846276149906,1.7341851150025742,1.7036438725416774,1.5323039853006588,1.6766787097855018,2.0902610594493733,2.8551616298540266,3.7469976605856403,4.718228626159697,5.725019278549685,6.709155928678169,7.553258760201595,7.9396380579385895,7.860341997311043,7.35097776111339,6.727527010597827,6.261473415628422,6.206463032950331,6.4507699676300865,6.877134978161124,7.317040706845771,7.686869287157253,7.9850373367291425,8.61704511219028,9.316726117420373,9.763168709486418,9.742773018300856,9.55653826411926,9.092962892673361,8.264457563262805,7.197759864399257,6.4932629828523,6.3126244041168444,6.481091620715641,6.948241579928368,7.187377026411044,6.992271117607664,6.668741230249303,5.952281357288447,5.56013880462617,5.3130671154173035,5.405069969198214,5.507937885891052,5.815031445976855,6.226144594297685,6.77400450424553,7.039374018386429,6.752779904034534,5.99070945840479,5.880274111154913,6.096259122457669,6.081113931161511,5.678680133412232,5.427411372604345,5.1274806555196735,4.659730478307136,4.1480503637516914,3.984248997707746,3.875900944291447,3.9276581332349347,4.19197760989443,4.2442182744152,4.372753215015338
1.7806698313400158,1.7517266885121296,1.791067081777227,1.8207818304549526,1.669370461315493,1.8317485888685088,2.2741698709392177,3.1383691128258975,4.063239385112531,5.033925063736133,6.117882525152076,7.286508174450164,8.215771589094189,8.541592366883194,8.232975192111322,7.566135951305788,6.818603283499821,6.368268636678992,6.264212752462097,6.343692941941448,6.637041534048445,7.164652186699147,7.587308233568069,7.888048793262306,8.326902933072923,8.913835149272053,9.742773018300856,10.942569923645383,10.966267126409823,10.187464990251819,9.172296018558576,8.289361666929318,7.219276004628145,6.753702154392625,7.2038777749542895,7.492584693959739,7.861416034384323,7.772508283068971,7.174889655047434,6.476365950033975,5.824382480239025,5.6266994945571716,5.696504896757409,5.905668233750423,6.269220311881219,6.598761162199524,7.201807828027686,7.420970973772437,7.110406447744948,6.273996592397442,6.136475602904784,6.363350352474342,6.2950667093638994,5.860903140109654,5.7132426234538,5.4992816099998825,5.010515264465072,4.421989149422347,4.284483775094899,4.162770834760214,4.175854942451336,4.395214451606234,4.446028137561554,4.66030954073507
2.0352876265380626,1.9977900062729448,1.9824045067877225,1.9217206285656687,1.7210933309445438,1.9400218581002555,2.349234941314629,3.0392836209972534,3.9269573973569583,4.953338792730908,6.168108163349517,7.621489249349421,8.68858607205608,8.912170150643444,8.328016590265403,7.506042266680899,6.746741178567054,6.3206100393231655,6.395075316811727,6.502819438052455,6.647376693621724,6.966351025937922,7.324504333805832,7.747977824414973,8.3550945334483,8.887557585205494,9.55653826411926,10.966267126409823,11.852545559961102,11.27444301834976,9.95038274637178,9.030365741536794,8.047340396410453,7.400484929173026,7.784341537748473,8.150083509261355,8.4324153387441,8.35786427214184,7.715449339583124,6.861459336181302,6.188874627321934,5.911486809139867,6.080529252889907,6.306389334030348,6.634317167714805,6.9931792624698925,7.697818964481397,8.039976794619742,7.5584092437464285,6.665586858748522,6.515698790327825,6.759821745071665,6.698389654559556,6.156742027928246,6.021007894361674,5.856173864497335,5.401881836275305,4.8037853723011406,4.635997744608911,4.489507607645446,4.550920422997178,4.752767744808564,4.7736169506123,5.052192441845942
2.003303181356289,1.9795185226714114,1.9809260452206638,1.9396561942208024,1.8290084854798385,2.0963553262468753,2.543791792545495,3.2801031629925252,4.210379588086755,5.206116463865898,6.247107841387358,7.469428079527176,8.41639022504592,8.591816053023303,8.082682637034075,7.286526803768635,6.505597658529484,6.000422781904516,5.95794937407004,6.066579868468079,6.236057324941609,6.463013668351802,6.774983855180796,7.164568907051707,7.800964768799882,8.425321056962083,9.092962892673361,10.187464990251819,11.27444301834976,11.541004082141725,10.53948859815606,9.512401071939546,8.668458833594872,8.09760889535178,8.223131540267946,8.617014486833076,8.798275354110588,8.697297213463607,8.092849701583756,7.093096375477484,6.419804651454583,6.088730576777342,6.314216999982601,6.556777966798695,6.7717506842811614,7.130886671999834,7.807569928701173,8.195553861142356,7.670437289539065,6.782803416840508,6.636087411298739,6.895709034521365,6.816427141909866,6.18416955134095,6.025390063498826,5.926548503520249,5.596760048469665,5.101380267069231,4.914625467173367,4.801298085625397,4.9443312373906165,5.036011065875474,4.968034573583781,5.266407256996767
1.8499919625899535,1.8515065578279406,1.959406554945566,2.066633890963864,2.084366469610395,2.378851283028671,2.911811675328793,3.82926147821287,4.762449242703239,5.569462518265536,6.2852617212782675,7.071030283012515,7.791973171531088,7.959406696285406,7.664650428728794,6.958623193548527,6.146688064636901,5.588897661359276,5.333357804658157,5.343558078200221,5.607250433828589,5.92231885176239,6.203318560137387,6.385428591463071,6.844093631777004,7.505938441354187,8.264457563262805,9.172296018558576,9.95038274637178,10.53948859815606,10.575810741914221,9.839080694964592,9.019400051161615,8.612913669508018,8.437977527127416,8.618430168632571,8.916239460970225,8.684546525636808,8.161616539268861,7.166544764430955,6.3901246260943045,6.0319552784417105,6.24384643685724,6.461840043019391,6.624309636539179,6.928155561296612,7.468898831956754,7.7789833806308835,7.3485372597997065,6.454484465616436,6.294682415113601,6.544030602255921,6.438817351243186,5.7882375765036285,5.641133532907173,5.619508693049947,5.406762197816587,5.0258350215926315,4.837246141392851,4.823361682663178,5.018749492431051,4.951430401597907,4.781415100133607,5.116154225998471
2.018935205584973,2.0276153482262123,2.138691036811714,2.2665611140642263,2.3056411739664076,2.6801086524032502,3.259876401250032,4.077012761230796,4.831960038432332,5.391590457886844,5.9467773127079715,6.721196141703441,7.37894685223189,7.451564449783177,7.046028071240007,6.366122669732176,5.572252298559938,5.115875095537075,4.980934640643463,4.976672523311276,5.114803241209609,5.408483775263906,5.717692966035592,5.924028273060348,6.1954745962173385,6.568422691550526,7.197759864399257,8.289361666929318,9.030365741536794,9.512401071939546,9.839080694964592,10.295050291317432,9.75889225697129,9.084338514641582,8.937902984729806,8.898663166315252,9.058441257807942,8.810836161397837,8.158803373008864,7.3136082977495604,6.465001347891942,6.170977833492024,6.268079288695504,6.420374344056922,6.580265174588728,6.832196150346189,7.404324518253386,7.6239416215551925,7.204072898760156,6.304983347261019,6.083468611448389,6.331147273029244,6.168746341502361,5.4913243303913895,5.386445092816469,5.412095118501094,5.293538815108069,4.970511625681154,4.7662632139849395,4.776517854306697,5.041469202781598,4.892324649212811,4.650563614271414,4.985953412405733
2.251734847716268,2.253483812373166,2.313153146148083,2.365482399315064,2.3691201804843427,2.731849312920993,3.275055267921449,4.027133036684821,4.710554135093873,5.1595669828406745,5.524236324738896,6.241176406646233,6.893151621760104,6.953666896911764,6.498818373971989,5.834329366892739,5.14780607369403,4.727392051261833,4.687808781428481,4.73713126984041,4.845122968499761,4.997768962192619,5.218982794821276,5.421638333070978,5.7997795540871735,6.125043976508711,6.4932629828523,7.219276004628145,8.047340396410453,8.668458833594872,9.019400051161615,9.75889225697129,10.02759382510352,9.482705078736531,9.135396425148635,9.100854394713373,9.021781234662344,8.657974427336415,8.092435982111864,7.256836206591505,6.576852561019125,6.268222748399076,6.3835572551689745,6.413461061009991,6.485888351824763,6.7452010841191585,7.3515762481046805,7.571529265961071,7.093721856674858,6.249712531427168,6.040692999830004,6.272509021911198,6.085126785008218,5.342758617787265,5.231678595436368,5.262832942760979,5.237090770020265,5.0076260539806015,4.761205233861192,4.79127876642055,5.12793290698955,4.962376435897675,4.664865059502037,4.958541953645793
2.035677415470304,2.0554695561153165,2.1747993403577714,2.2899022858931395,2.3586478386382197,2.7226168012093788,3.287156994063663,4.103649293243765,4.8233630453262375,5.257481881631854,5.539673177288536,6.008507613105909,6.511723162859232,6.594569899757576,6.341026105331164,5.763332249717793,5.071895765707067,4.58963319021702,4.423471135399731,4.464282995620626,4.669119280742446,4.848697997891058,5.054242488920813,5.135376351290033,5.4657849100439,5.901557848807946,6.3126244041168444,6.753702154392625,7.400484929173026,8.09760889535178,8.612913669508018,9.084338514641582,9.482705078736531,9.669241286498416,9.323674637432365,9.181649031238994,9.011792908342795,8.46893692999574,7.9944816535564565,7.192239558403322,6.624552387159178,6.295573130792327,6.450414961944497,6.4576548825735145,6.43803220143161,6.688248616894282,7.204324024631075,7.334864389597255,6.904345034606181,6.15273390497862,5.989772413974387,6.197931289755863,5.986553251887274,5.248910221974508,5.104912756839779,5.148535824641034,5.172956264274859,4.995206882384832,4.767665182106547,4.864904765731044,5.192565363416311,4.961079158433579,4.6536512255993445,4.942875003993576
