0,1,2,3,4,5,6,7,8,9,10,11,12,13,14,15,16,17,18,19,20,21,22,23,24,25,26,27,28,29,30,31,32,33,34,35,36,37,38,39,40,41,42,43,44,45,46,47,48,49,50,51,52,53,54,55,56,57,58,59,60,61,62,63
28.666066684467157,28.77818097269383,28.81235280045035,28.569755056902025,28.295545775363472,28.18419707795522,28.240868886623527,27.90782506060572,26.756167342209785,25.368090640391816,23.844437688900165,22.316395912909396,20.94117456558843,19.7832999459707,19.16379064526236,19.02585521857635,19.07747945359925,19.226429273294613,19.24195623945404,19.069697543562437,18.860010573288367,18.68661275940636,18.572328100256172,18.58257469224421,18.546529844110207,18.20522927249348,17.95183466835436,17.740784505623992,17.7689930948602,17.900763913088106,18.29122780131089,18.87472216670649,19.43923736401184,20.30162292856613,20.886335316544642,20.620382128306847,20.91808276050377,21.958955417136476,22.477532864477965,21.48525846410022,18.6131397465326,16.554426040575958,15.45700208831932,16.18242620698033,16.309905564769732,14.56057270341967,13.46104750447427,13.413003598827144,13.057507146337189,13.491113770249136,14.40818098610158,15.88866379851275,15.328018460828858,12.281810451602317,12.53998392409614,14.454001587047584,14.36833807401449,13.31852700449385,12.161342075096067,11.377105824073595,9.362855037275931,9.34487470318028,10.75773208634564,10.212536776458759
28.77818097269383,28.896895349404534,28.93483523257512,28.678119121425702,28.37624317912033,28.241207893531804,28.28703252377326,27.948412336628387,26.791764981145526,25.4011920926077,23.877291195823265,22.349769509930997,20.975255186373026,19.81787046520878,19.199584964174065,19.063422085412412,19.11451788492632,19.260815028553417,19.273122697114616,19.0968844438227,18.88711315741059,18.717214944792353,18.606696568144347,18.61925525194022,18.58087939011193,18.231108935318815,17.972283976161524,17.765754323322547,17.794648219213084,17.923604601097864,18.309830727253136,18.895735122186643,19.46783168492603,20.330178325611353,20.90952848177748,20.63891983960917,20.94197709125479,21.986085600784513,22.502048211318385,21.506598592051215,18.618542880142204,16.549129160580975,15.446816412503743,16.174005808275005,16.30200731083365,14.557683931406332,13.464797106817546,13.423771531059405,13.067760552298983,13.504099643069154,14.429065594003724,15.913901895285516,15.344816131161277,12.291581901199358,12.549210671580239,14.463798319688264,14.379166069528605,13.335782647527065,12.165449472999724,11.383826215334551,9.379969972337408,9.355231685240565,10.761616260934694,10.207786940928315
28.81235280045035,28.93483523257512,29.00184084165738,28.795847427983457,28.52666235748464,28.387294766736645,28.410611082808245,28.05236153689067,26.885434283923722,25.48771508838931,23.946579457185518,22.403854496204705,21.02127317450706,19.85967363633319,19.238356441233343,19.098231159423204,19.14839760036001,19.300029835117122,19.32548695153035,19.156566448052924,18.932305430857262,18.744182251638705,18.625469334417254,18.639865905764747,18.619175834713964,18.307391007999467,18.07953345890964,17.888790246005946,17.933599794824605,18.063868406946344,18.45065140815257,19.02123232242202,19.57477820620446,20.417218930446957,21.014275310537652,20.778684278536677,21.07980700611323,22.130827385290374,22.657596844466124,21.645432184704575,18.731522689669152,16.64787294654594,15.555901301569586,16.30127352241026,16.467128358758096,14.713641908070057,13.630847022390391,13.603781930661311,13.24472831541661,13.660002863366705,14.550597835826029,16.027252741741307,15.468302500726306,12.434026115676222,12.695141514550699,14.608123073615069,14.501580705343686,13.433430844347628,12.233559161936796,11.444043351244838,9.429569662665084,9.447642123356383,10.87679423558242,10.309075307291923
28.569755056902025,28.678119121425702,28.795847427983457,28.763741938433572,28.68128820367222,28.616059315266863,28.607283350919843,28.19869913110818,27.010321819821467,25.606978133555458,24.03786367227982,22.467344984613877,21.067579063447308,19.895607913734512,19.26264081448699,19.103954815379872,19.15016725777585,19.319795657113126,19.382295016234394,19.244306306186257,18.989096437845774,18.748992476429727,18.59865697950065,18.608677080589302,18.64041492074108,18.452133396643116,18.317362495899612,18.142513276633547,18.2239808473341,18.374242662658187,18.772343184177167,19.28851620833014,19.76163582044223,20.547976122880513,21.20130987147252,21.07061208486915,21.35396498053423,22.402485200553283,22.96012006812135,21.91941693782393,18.994918546608883,16.901240196626123,15.84784670385373,16.642856232426574,16.909018603566942,15.120478401081618,14.033563368076603,14.016361652198851,13.644330316039701,13.997551209251872,14.781585475812978,16.226567926748906,15.719259921117828,12.751330321201467,13.014935031441077,14.92610428111908,14.7686004125762,13.614889333095226,12.381291989632267,11.571590017049719,9.501547895731116,9.626703953257023,11.128994897596797,10.55820543408207
28.295545775363472,28.37624317912033,28.52666235748464,28.68128820367222,28.86051681316786,28.970620921437984,28.99633901341306,28.557487341756865,27.330215454479518,25.898565682823683,24.285769670202463,22.677369684309443,21.25121176247008,20.060491395098317,19.408252534805886,19.226942571184598,19.27175667747707,19.463097567253737,19.566011121571545,19.464155678863968,19.17790953726764,18.878787816503934,18.687460083108434,18.688523831906213,18.77502695506444,18.71394594523387,18.666690434496925,18.48297559449626,18.59587847275901,18.783284624032998,19.214507572128614,19.691918879212867,20.07851513310785,20.821749191871003,21.547504611054666,21.515086397192796,21.76202550831247,22.79402197286901,23.391493381095728,22.343394456981507,19.44620236795165,17.356468343818193,16.332344596244372,17.17070714949766,17.520953319916483,15.671617932974552,14.54525692557725,14.49102179289285,14.10042542585086,14.389647399462332,15.06060632301292,16.470566921508073,16.042848466290195,13.127627092264289,13.405217508428851,15.329819825349286,15.12599781890256,13.868343112984938,12.639824618284498,11.79807893512472,9.623692807360392,9.838604305006465,11.438490191725458,10.886686371572226
28.18419707795522,28.241207893531804,28.387294766736645,28.616059315266863,28.970620921437984,29.324525952944484,29.55175577031612,29.19449596041048,27.913220501038086,26.38703456030274,24.692388879038013,23.030531659164893,21.56172702495138,20.340261247157578,19.669262992675648,19.47701609759492,19.530214169390682,19.742604456437878,19.8782725575186,19.800263418909722,19.492410732482842,19.152758979691622,18.941848379960657,18.95178371892469,19.07006841983053,19.056693280700923,19.029672925022016,18.82225835645904,18.943886384919885,19.15648424085844,19.642179095670247,20.15250890412935,20.508412842966035,21.26451776963726,22.041936322018262,22.030516737978687,22.23500531780009,23.26572490073875,23.896959075865784,22.865881352987653,19.9992819793374,17.935793649544042,16.91729543326246,17.769170566052598,18.120280539197392,16.19194667676185,15.002929646001823,14.878954834072362,14.481943413602453,14.739674236693459,15.36342551544203,16.763663984646122,16.408436484256008,13.472414552829273,13.777707260297124,15.735755208257288,15.493773852732014,14.172562611769122,13.024570181390347,12.140795596191941,9.836190878385965,10.064569154936233,11.759941812240193,11.241572907542304
28.240868886623527,28.28703252377326,28.410611082808245,28.607283350919843,28.99633901341306,29.55175577031612,30.088418572303908,29.94787616094052,28.656452058130327,27.00456580443186,25.189650907001496,23.446809694791916,21.920652325768863,20.665663354383227,19.982936134273878,19.79077947941145,19.853562306083074,20.0824132180319,20.25107967753854,20.2005743005765,19.885921462904086,19.523060064913366,19.31618865230953,19.36234857665578,19.503271167546032,19.474627386795394,19.414858778503405,19.18075198309166,19.289358084652065,19.5016577984338,20.04609643105249,20.636395243054256,20.991059680539227,21.766484313351615,22.555928562994115,22.506449106007114,22.683968611216933,23.744497869344734,24.399306962847657,23.387561953616384,20.527659530820753,18.49641954651384,17.473869756832187,18.327515513755223,18.631308976947995,16.628371103188005,15.387862591558333,15.208903321368565,14.817405526146311,15.070146867263412,15.709844030443275,17.13734104283667,16.820177045455058,13.790406910428535,14.136671584473614,16.136663264705856,15.861723828357384,14.522268139189514,13.473755646478224,12.541955296265638,10.123501877156881,10.32551070158254,12.081461100397327,11.58529286782102
27.90782506060572,27.948412336628387,28.05236153689067,28.19869913110818,28.557487341756865,29.19449596041048,29.94787616094052,30.078260323677153,28.951784915248417,27.304187306095503,25.415057581956393,23.59327004653849,22.030187992365025,20.776044538723834,20.093663414799316,19.890264593651075,19.938702354957663,20.164489665112704,20.363215031887155,20.361173355991728,20.074439866156762,19.719869210925527,19.539639964955004,19.63357134348272,19.799203513603473,19.761130298569025,19.676678411506323,19.421892559412296,19.502940380977588,19.68962352111197,20.252910093186394,20.870559994510735,21.177937014477838,21.88948959743927,22.628473932106075,22.530275739384763,22.69717089339678,23.76501555691893,24.423427471062443,23.470625678533693,20.707623334339882,18.733126012712603,17.710263065709775,18.53882322346585,18.836126179017764,16.828435612719275,15.561205366997694,15.339264854793832,14.977623421659635,15.260959716874112,15.917703635111389,17.33872886351537,17.019633635690393,13.935422158994927,14.301097352881929,16.30833564243914,16.035685008115856,14.69797029695341,13.704195818279533,12.750711786374055,10.310316351536096,10.507100927709683,12.230154000987334,11.740782367230304
26.756167342209785,26.791764981145526,26.885434283923722,27.010321819821467,27.330215454479518,27.913220501038086,28.656452058130327,28.951784915248417,28.171354218995234,26.801087953172573,25.031396958854234,23.217146618871332,21.6650826694866,20.44811030092369,19.770046431860532,19.528794359230336,19.533782498290186,19.738798510563086,19.949006838178263,19.98459690670577,19.75157658123042,19.453483389643512,19.326018757927944,19.459217446092854,19.63896608107557,19.610631960809638,19.525045305740317,19.269555468515883,19.32421421627449,19.46543286144394,19.960868342873024,20.493113003132095,20.70658915351247,21.26986954085196,21.890997104928413,21.77465885471485,21.94686768362702,22.94086751470877,23.57365513892632,22.74966930820199,20.246133786697502,18.367312497138947,17.341061652451817,18.07376158454897,18.435479159207144,16.524691192669895,15.274678743153869,15.015618337625604,14.71271062270273,15.073513211763638,15.712862195743082,17.019896169746666,16.66963094225658,13.656780965550082,13.984266788841039,15.939024228076653,15.70071516108882,14.398606988605868,13.445556795564343,12.501825336820955,10.166659630478629,10.371556362437445,11.967625489478843,11.504284739217141
25.368090640391816,25.4011920926077,25.48771508838931,25.606978133555458,25.898565682823683,26.38703456030274,27.00456580443186,27.304187306095503,26.801087953172573,25.834450568896777,24.41035502204644,22.77456779726735,21.284428738312826,20.07528410818099,19.360353149286173,19.043148840240484,18.98712041042903,19.17480520257508,19.393689005810906,19.445593921318768,19.249180669697054,19.01519643353339,18.950178492706026,19.11531849103428,19.302138475304293,19.285484604596565,19.195908951228617,18.942482541886964,18.971191496368956,19.05627750072741,19.410159027835405,19.790304572017394,19.922926098197777,20.34027173549244,20.820779060716465,20.70990369356667,20.898019304043384,21.75441300084716,22.3571180452236,21.701053392315142,19.51121896316813,17.72980130315821,16.68198645051188,17.271288950822328,17.726899401111872,15.95420807608369,14.71667184050375,14.413090584281408,14.180605581214975,14.641632119470536,15.277679332785869,16.400204282751524,16.008927954121244,13.133398481594371,13.369493529250644,15.249412228664813,15.043730980758202,13.806991197581704,12.958656432471402,12.021867805150581,9.839608304009673,9.975740280956717,11.41816894768446,11.019500183923759
23.844437688900165,23.877291195823265,23.946579457185518,24.03786367227982,24.285769670202463,24.692388879038013,25.189650907001496,25.415057581956393,25.031396958854234,24.41035502204644,23.508905387019286,22.306877754578043,21.00461029591347,19.779705602772097,18.953488844816906,18.50952014135803,18.373250069602182,18.544268326185893,18.778817706210248,18.85774871197587,18.721088806085568,18.575064735970813,18.585066432397397,18.778158903824778,18.961027890736506,18.931537318976112,18.810371828128858,18.53850400246051,18.514047066572427,18.517477260595108,18.66762081080884,18.863103732479342,18.939346018776767,19.224966655058246,19.54593604133224,19.406077309355382,19.615829274263255,20.30056270710913,20.85311259296252,20.39905071780358,18.575571818330488,16.930915386981738,15.857012729693848,16.285850099497033,16.78857770908682,15.188387217822408,13.940807203676998,13.570475027405964,13.440784690947776,14.002847639097968,14.696186909925379,15.611849732646121,15.147968667238398,12.42807669869992,12.524527504162041,14.314139619547912,14.178328696205282,13.034449582700518,12.38320124040907,11.47026984026457,9.47226219711934,9.396193164541145,10.64314933934618,10.348201223188473
22.316395912909396,22.349769509930997,22.403854496204705,22.467344984613877,22.677369684309443,23.030531659164893,23.446809694791916,23.59327004653849,23.217146618871332,22.77456779726735,22.306877754578043,21.62251696691813,20.65550362086508,19.498444668173864,18.56228853760788,17.967141867544182,17.723534280885566,17.850269997943894,18.08357049354798,18.20230045364571,18.156204546553557,18.106766750608212,18.18078643546188,18.395270313427115,18.572260454342395,18.523574598277104,18.368636188049784,18.075372175789358,17.98641143280872,17.89982471098935,17.86740710121347,17.90146505629411,17.936682545593683,18.110805384309547,18.29883077954561,18.117620933901392,18.326084570328444,18.847961291962267,19.325653539458642,19.065699302774924,17.620749611201703,16.15025870304684,15.08051233391108,15.366500680145384,15.832596243001628,14.40617460838396,13.189962908600664,12.746086146130786,12.7195703070362,13.33437049221814,14.074628659523643,14.820327199858026,14.28161725030344,11.719408497536024,11.706401679076741,13.403056777212662,13.351958845232929,12.28733177549599,11.845130854852519,10.971803090017941,9.146570453452863,8.824907573327774,9.880037503987952,9.681159491203745
20.94117456558843,20.975255186373026,21.02127317450706,21.067579063447308,21.25121176247008,21.56172702495138,21.920652325768863,22.030187992365025,21.6650826694866,21.284428738312826,21.00461029591347,20.65550362086508,20.066926270288413,19.162644047800537,18.258033108228748,17.548151682226923,17.15934680839733,17.186889168915506,17.385639282699515,17.539010324944066,17.5821774033832,17.613716319771573,17.731951097756056,17.964749424280782,18.13378805002945,18.058173022738934,17.87177594730836,17.564740574297012,17.423546347715263,17.26678814243892,17.127347556996327,17.053924097984286,17.033927715105463,17.084322796853662,17.163435839905993,16.964630490766325,17.16129692158006,17.538892940422148,17.927059602150788,17.83780777641704,16.74595699070104,15.451027472819755,14.402790560755882,14.56275212603976,14.985536270078017,13.721491605935082,12.599027670054374,12.088063484419983,12.131601077714372,12.787302573290773,13.523506768232506,14.136945331738737,13.545265717810075,11.128463936361898,11.051750545342964,12.647531244554076,12.681056527052998,11.675797514468076,11.356979384226957,10.551466524162844,8.88524330922585,8.383847851063774,9.266907860271745,9.118973758752583
19.7832999459707,19.81787046520878,19.85967363633319,19.895607913734512,20.060491395098317,20.340261247157578,20.665663354383227,20.776044538723834,20.44811030092369,20.07528410818099,19.779705602772097,19.498444668173864,19.162644047800537,18.62890548217588,17.959323010110857,17.25175589723036,16.718517748621814,16.60073598196011,16.736017573171555,16.902325245901107,16.991579917446515,17.067064452279045,17.211822950014938,17.45606458229929,17.609890715960923,17.50920565705838,17.303396781507406,17.000254683140525,16.84227057796441,16.65265497893725,16.474978365711713,16.353847929877205,16.268963498396104,16.183690885196537,16.155464787077758,15.967660847613926,16.16939055437387,16.43827065143045,16.75267540258382,16.79085699200719,15.97496126666026,14.83196319714174,13.785890595129041,13.842947846790588,14.276768762922648,13.155913661349615,12.142233103615506,11.585980436623478,11.661787970927028,12.383646455638376,13.081687939109225,13.596706271332762,12.978574062636817,10.668808853602675,10.535608621974296,12.036528251149324,12.144671479636969,11.185263168724601,10.916274138400372,10.202739741120272,8.67732822705166,8.085423759457209,8.827879069971818,8.680180976842877
19.16379064526236,19.199584964174065,19.238356441233343,19.26264081448699,19.408252534805886,19.669262992675648,19.982936134273878,20.093663414799316,19.770046431860532,19.360353149286173,18.953488844816906,18.56228853760788,18.258033108228748,17.959323010110857,17.595852535833263,17.065810945986904,16.508433741302948,16.255097417952914,16.261155099447127,16.35658470760716,16.41949358318177,16.496535544198135,16.64467924361548,16.871917463621745,16.99374791674129,16.87438236868833,16.66088705656933,16.361671117563912,16.221235931095215,16.061660452275756,15.914972225242463,15.81440989571132,15.705680001332293,15.577793024456025,15.510166871250048,15.33689392856203,15.53114125281438,15.770772835117885,16.066840675183684,16.143200081597126,15.417294774188738,14.343217449625884,13.267480316955186,13.268067257987383,13.742017683065496,12.71609622642154,11.768289178176635,11.20276602884073,11.267566554935287,12.034445208783787,12.715818141126086,13.2200508307891,12.601960313856344,10.339796458112327,10.174912575977526,11.62655327207733,11.78741561730833,10.870143489711635,10.578214045257722,9.927433563475844,8.490083302525232,7.91018827781507,8.593781117876286,8.414452224025366
19.02585521857635,19.063422085412412,19.098231159423204,19.103954815379872,19.226942571184598,19.47701609759492,19.79077947941145,19.890264593651075,19.528794359230336,19.043148840240484,18.50952014135803,17.967141867544182,17.548151682226923,17.25175589723036,17.065810945986904,16.827778612880266,16.463747549026206,16.19453403505063,16.047699459604626,15.984531843360767,15.968276027059606,16.022511201274625,16.158029219553235,16.35389833589649,16.432037421586376,16.283141612362748,16.053887322781893,15.750428545959961,15.637737339694084,15.539414171887772,15.457518434916595,15.427312939039053,15.33243559709885,15.248417027392756,15.210629794895706,15.027234958337125,15.220294124847063,15.508427179775428,15.812820639213884,15.82329044234794,15.015464420042447,13.938081182622533,12.848721620382712,12.876676094045145,13.350437236293345,12.344462596350501,11.433424559402827,10.897493952377191,10.932764598924475,11.678623312386083,12.367467729735456,12.954226414504129,12.33744235691898,10.068682953475145,9.91856414539147,11.360639689027343,11.589208526058716,10.70902910972966,10.297577006847519,9.69040100554256,8.297786729413561,7.810658172273489,8.496984360458983,8.283827856238819
19.07747945359925,19.11451788492632,19.14839760036001,19.15016725777585,19.27175667747707,19.530214169390682,19.853562306083074,19.938702354957663,19.533782498290186,18.98712041042903,18.373250069602182,17.723534280885566,17.15934680839733,16.718517748621814,16.508433741302948,16.463747549026206,16.404394560367315,16.320981121661056,16.166133863825017,15.973661630724484,15.840720938713305,15.824210233120978,15.919546488021709,16.096901119094213,16.165580869702563,16.004317799634993,15.760585350870048,15.445687343125956,15.341039660423005,15.271571927703665,15.228783057090757,15.256363140654853,15.188549686805166,15.174435949531105,15.183219539114551,14.989916364496484,15.202496671346728,15.557576807695009,15.88198293732945,15.790267274514266,14.820982028085348,13.700929447614465,12.65426100862636,12.779037330581396,13.235969224393735,12.199446563981194,11.283355345870975,10.789718993879713,10.821161755689955,11.51067381508068,12.188521111933012,12.8722511230657,12.249336967064629,9.962673154304774,9.841657708825092,11.270177549160193,11.544599944890617,10.676262418521,10.13701977243806,9.56798634725728,8.180487647278483,7.796660932658439,8.519858120562278,8.296912989849044
19.226429273294613,19.260815028553417,19.300029835117122,19.319795657113126,19.463097567253737,19.742604456437878,20.0824132180319,20.164489665112704,19.738798510563086,19.17480520257508,18.544268326185893,17.850269997943894,17.186889168915506,16.60073598196011,16.255097417952914,16.19453403505063,16.320981121661056,16.532212890041883,16.618721849840576,16.484363988171427,16.25067139656543,16.099925469108587,16.11169425314222,16.27758717967378,16.380981924013692,16.249255257388757,16.00215536722157,15.65839180918641,15.521031634124355,15.41762575439175,15.351628441488897,15.378342353544936,15.341968863716188,15.365449507504762,15.399455287397156,15.225702853601119,15.472243538230014,15.860940820023961,16.205204271329805,16.0413716033041,14.93914870481646,13.789414147980334,12.815475583647634,13.019082011747217,13.447951160442315,12.36992005557379,11.414122478993356,10.9477271991724,11.006685841143092,11.674817287374408,12.330439146882272,13.04471707593309,12.416159005841518,10.110910356873429,10.000340846317584,11.406857737789045,11.681106246148094,10.7926410271397,10.208456713987292,9.661665561236402,8.241077083698633,7.891037806778959,8.633502857883792,8.427017983884317
19.24195623945404,19.273122697114616,19.32548695153035,19.382295016234394,19.566011121571545,19.8782725575186,20.25107967753854,20.363215031887155,19.949006838178263,19.393689005810906,18.778817706210248,18.08357049354798,17.385639282699515,16.736017573171555,16.261155099447127,16.047699459604626,16.166133863825017,16.618721849840576,17.13006783822639,17.314356700517525,17.08254776957335,16.759248285343194,16.63553689982372,16.775903517269462,16.933464758404746,16.874978407248367,16.65413035251437,16.27034514781376,16.0631879006805,15.881501432371941,15.741306761066152,15.711358319532728,15.689028976909412,15.660180261438226,15.675616160355105,15.564441405527134,15.865145086535792,16.24221177182685,16.597955471140125,16.419482228211322,15.28072662853252,14.155857400675117,13.266247926207475,13.493660563562097,13.865026790253511,12.73743368159553,11.730325719417591,11.253900435738977,11.364900876981142,12.07296570578731,12.698870411510411,13.366261317337596,12.744621345934577,10.408319882803102,10.27793471464242,11.660587337647511,11.92082298194113,11.01060867103067,10.455883285362845,9.917529956437093,8.444309557183523,8.04022043145403,8.75666190246073,8.602993015040594
19.069697543562437,19.0968844438227,19.156566448052924,19.244306306186257,19.464155678863968,19.800263418909722,20.2005743005765,20.361173355991728,19.98459690670577,19.445593921318768,18.85774871197587,18.20230045364571,17.539010324944066,16.902325245901107,16.35658470760716,15.984531843360767,15.973661630724484,16.484363988171427,17.314356700517525,17.936270028508186,17.933260558164307,17.557361346554497,17.283369420318472,17.339803411544434,17.511721061016885,17.51259383580513,17.323240578986724,16.896088804998772,16.608067720425332,16.358178240700465,16.136055755350302,16.037417665927684,15.992576672603239,15.843483088733949,15.797180826428221,15.7351364830483,16.103216389402323,16.44208468219033,16.778750367693856,16.634168405473687,15.55009947525702,14.485993856873248,13.664362499786305,13.8746439833369,14.170548380140188,12.99132552622024,11.926277096914529,11.420144203619717,11.58225641311439,12.358653778380058,13.011848851658703,13.62426066496636,12.988229391391663,10.588016820877014,10.403570809079874,11.795255591210491,12.084610049510497,11.181264140980003,10.667304587638311,10.13715312487287,8.648283867777899,8.125544215418133,8.757146394246968,8.664726637724833
18.860010573288367,18.88711315741059,18.932305430857262,18.989096437845774,19.17790953726764,19.492410732482842,19.885921462904086,20.074439866156762,19.75157658123042,19.249180669697054,18.721088806085568,18.156204546553557,17.5821774033832,16.991579917446515,16.41949358318177,15.968276027059606,15.840720938713305,16.25067139656543,17.08254776957335,17.933260558164307,18.356846263631912,18.278419388407986,18.00473001376658,17.9224740232966,17.968045433754327,17.89011163963934,17.675548318293398,17.24026165910395,16.89884672016525,16.60726203671796,16.311963817209975,16.165291150591386,16.084413066107356,15.813485034521088,15.640710879158197,15.528060326833254,15.957956120330385,16.270928280004984,16.548374597780136,16.46622753352478,15.533974407811831,14.551915370504155,13.747048478195104,13.903296287222881,14.124370858922077,12.91380697183511,11.820229378654362,11.303474812850524,11.518008153773504,12.374188875717232,13.157905865225265,13.739644088715108,13.014682165875127,10.490124937103644,10.24299107046515,11.668530210159558,12.063110414824681,11.19228026465861,10.671606497866764,10.181094711099744,8.76804513025067,8.107325593024031,8.599417222668912,8.53086553706974
18.68661275940636,18.717214944792353,18.744182251638705,18.748992476429727,18.878787816503934,19.152758979691622,19.523060064913366,19.719869210925527,19.453483389643512,19.01519643353339,18.575064735970813,18.106766750608212,17.613716319771573,17.067064452279045,16.496535544198135,16.022511201274625,15.824210233120978,16.099925469108587,16.759248285343194,17.557361346554497,18.278419388407986,18.719268275689867,18.76159488389851,18.65541585902889,18.479613072417386,18.19651596719091,17.902724184252182,17.50279937359613,17.183720759755218,16.884095569043335,16.498418401265976,16.27025401095729,16.136779326038763,15.764659419221696,15.450063198853485,15.243026216890174,15.692000319128747,16.00612873825292,16.229616070232193,16.2157435211496,15.484893801496213,14.583869599765395,13.753133839732556,13.885737164708758,14.120712801133244,12.909641752037261,11.802565567765958,11.293522136574026,11.555465665642583,12.513090949153247,13.432069966584631,13.970440192661929,13.12563296554526,10.460723536737474,10.144243647730043,11.604304456307267,12.104657890982493,11.222081977564585,10.652410852782653,10.234459611776309,8.950025697753976,8.225422677470386,8.566019596838213,8.444599440489444
18.572328100256172,18.606696568144347,18.625469334417254,18.59865697950065,18.687460083108434,18.941848379960657,19.31618865230953,19.539639964955004,19.326018757927944,18.950178492706026,18.585066432397397,18.18078643546188,17.731951097756056,17.211822950014938,16.64467924361548,16.158029219553235,15.919546488021709,16.11169425314222,16.63553689982372,17.283369420318472,18.00473001376658,18.76159488389851,19.345901137839558,19.577703899530682,19.30827838123688,18.756480159325896,18.30537884750478,17.918309008944686,17.62925635211174,17.32671786837238,16.860908542248463,16.53356557061703,16.31760733641356,15.852182168464767,15.443413104108897,15.167543451340244,15.611344897317606,15.921179888559054,16.11181892173203,16.172048031804533,15.632229129570447,14.771074942924738,13.893512958037014,14.043089183935477,14.348046841458958,13.148643376782431,12.043077873010287,11.55303672036172,11.82076340391981,12.856639612522457,13.866376915276867,14.366118750856531,13.416180163819519,10.627569968560051,10.244841341878383,11.747740476647198,12.286032702391966,11.37114620949198,10.727368379784233,10.37029906868137,9.197719848517668,8.50799488047525,8.735835459254364,8.521697977039125
18.58257469224421,18.61925525194022,18.639865905764747,18.608677080589302,18.688523831906213,18.95178371892469,19.36234857665578,19.63357134348272,19.459217446092854,19.11531849103428,18.778158903824778,18.395270313427115,17.964749424280782,17.45606458229929,16.871917463621745,16.35389833589649,16.096901119094213,16.27758717967378,16.775903517269462,17.339803411544434,17.9224740232966,18.65541585902889,19.577703899530682,20.373327288506626,20.39726947557532,19.74870289545553,19.08831547714505,18.57599929432925,18.184147365838523,17.84157439976672,17.34950145906507,16.95009750762037,16.594040246569968,16.04236192824056,15.616259496440906,15.320022218004539,15.760210601079574,16.04463643386994,16.221316064651756,16.341000843067256,15.892539701691971,14.999758235619389,14.104874365999681,14.26692989006827,14.62267108004072,13.443179655153177,12.364053314594967,11.882730039089392,12.13130971231431,13.1624573650044,14.188173142123048,14.678397730586273,13.653597912461679,10.825320948294804,10.400672918686555,11.927079831469463,12.43470850873623,11.508570149648664,10.814001822648802,10.450064674779588,9.337155404204998,8.707015611604108,8.89764169171977,8.62452980395661
18.546529844110207,18.58087939011193,18.619175834713964,18.64041492074108,18.77502695506444,19.07006841983053,19.503271167546032,19.799203513603473,19.63896608107557,19.302138475304293,18.961027890736506,18.572260454342395,18.13378805002945,17.609890715960923,16.99374791674129,16.432037421586376,16.165580869702563,16.380981924013692,16.933464758404746,17.511721061016885,17.968045433754327,18.479613072417386,19.30827838123688,20.39726947557532,21.041988670962063,20.82896356998138,20.136043409011684,19.345847702442647,18.703183297573073,18.266270462990693,17.76571004828916,17.290530459983163,16.791161084014256,16.18662817960304,15.802655450058854,15.564615540754781,16.012445048836504,16.261344554306582,16.42103839283923,16.557939059275796,16.083804995470476,15.142718221513826,14.322400074113844,14.508333011512761,14.925798207861211,13.744154637731581,12.674422742227067,12.21022615579933,12.446510384205505,13.358069146241023,14.319139659965156,14.803997138320302,13.753486683068957,11.043807324461838,10.638454273691217,12.137252506517184,12.557415664526925,11.559156236724544,10.872484158341853,10.472852580752686,9.327069675785724,8.79299068412661,9.025829510692427,8.737948120157919
18.20522927249348,18.231108935318815,18.307391007999467,18.452133396643116,18.71394594523387,19.056693280700923,19.474627386795394,19.761130298569025,19.610631960809638,19.285484604596565,18.931537318976112,18.523574598277104,18.058173022738934,17.50920565705838,16.87438236868833,16.283141612362748,16.004317799634993,16.249255257388757,16.874978407248367,17.51259383580513,17.89011163963934,18.19651596719091,18.756480159325896,19.74870289545553,20.82896356998138,21.437353234999488,21.176864693241065,20.233548821025227,19.31763383100398,18.733544179204284,18.158357786583508,17.532033066845877,16.920785799949975,16.231685810042194,15.869329865765614,15.79109690555823,16.279147579696197,16.49535102729421,16.609364674497343,16.701848035938433,16.18045710900203,15.258993444727977,14.625098934224098,14.888192569825762,15.407490770737086,14.154838072238247,13.046018770403313,12.65263030003545,12.88346716149095,13.592662607566531,14.409192193184131,14.86846479493884,13.851151436080558,11.350355397301652,10.969190468933155,12.39624063056068,12.731906718638232,11.584167584525368,10.913671363473336,10.490977904765339,9.276233485817736,8.947640888773545,9.230841403442273,8.941172692306944
17.95183466835436,17.972283976161524,18.07953345890964,18.317362495899612,18.666690434496925,19.029672925022016,19.414858778503405,19.676678411506323,19.525045305740317,19.195908951228617,18.810371828128858,18.368636188049784,17.87177594730836,17.303396781507406,16.66088705656933,16.053887322781893,15.760585350870048,16.00215536722157,16.65413035251437,17.323240578986724,17.675548318293398,17.902724184252182,18.30537884750478,19.08831547714505,20.136043409011684,21.176864693241065,21.678872084160176,21.130730688423096,20.131317423479658,19.32315369050293,18.622151605956006,17.867441594702193,17.187435801871658,16.372955772474096,15.938007290678604,15.967329854584491,16.53161245806776,16.78513007055105,16.85105416692342,16.848752456729855,16.272264264271755,15.410787921127273,14.915850317636218,15.13863668891151,15.653228171364518,14.339619562838376,13.24179833092425,12.98172738410716,13.166406268341683,13.681828638488941,14.39474431340066,14.865752499708572,13.888134608948683,11.511418686680889,11.129509790931577,12.513645516640215,12.811218656777626,11.594483394451625,10.880757536460438,10.440767259296024,9.191134758831708,9.05416372446974,9.408044582087149,9.089664743341977
17.740784505623992,17.765754323322547,17.888790246005946,18.142513276633547,18.48297559449626,18.82225835645904,19.18075198309166,19.421892559412296,19.269555468515883,18.942482541886964,18.53850400246051,18.075372175789358,17.564740574297012,17.000254683140525,16.361671117563912,15.750428545959961,15.445687343125956,15.65839180918641,16.27034514781376,16.896088804998772,17.24026165910395,17.50279937359613,17.918309008944686,18.57599929432925,19.345847702442647,20.233548821025227,21.130730688423096,21.429256472381052,20.88463334870848,19.907143858883405,19.002783618388627,18.165037529956805,17.445861757498584,16.485164356900867,15.876288065778265,15.894299266528975,16.54124647822666,16.89054784626412,16.960701802742268,16.8659024421033,16.283829518278296,15.474548840642113,14.947017736311695,15.010739211312293,15.511528841886655,14.256928456458724,13.251661762015608,13.125756150327474,13.261439337178249,13.712050181082962,14.338841755326056,14.782625755362949,13.863639138898897,11.548835282097324,11.136701297096328,12.474621756345789,12.73305470498592,11.585942193523795,10.833856903037029,10.36681339704025,9.109610864335808,9.06681361077376,9.56013810984357,9.188561833160728
17.7689930948602,17.794648219213084,17.933599794824605,18.2239808473341,18.59587847275901,18.943886384919885,19.289358084652065,19.502940380977588,19.32421421627449,18.971191496368956,18.514047066572427,17.98641143280872,17.423546347715263,16.84227057796441,16.221235931095215,15.637737339694084,15.341039660423005,15.521031634124355,16.0631879006805,16.608067720425332,16.89884672016525,17.183720759755218,17.62925635211174,18.184147365838523,18.703183297573073,19.31763383100398,20.131317423479658,20.88463334870848,21.33473822203963,20.79899428964045,19.699581143491184,18.72296750006452,17.956654587166913,16.882046425586918,16.21407238488515,16.2495961345666,16.925579341187692,17.377165736273763,17.50707544315484,17.295573958858125,16.65257093992992,15.834843620889842,15.176218751178846,15.2200689851669,15.823785785920318,14.638852426571376,13.73031858323242,13.659302715038852,13.717412672300632,14.139925792172553,14.565014731722876,14.985011469628368,14.176821142192862,11.936044668722952,11.528688521303192,12.813271985272689,12.983059097768342,11.872129565449503,11.116057620995889,10.576317106328071,9.212705293041909,9.285384597137549,10.021443538501822,9.609578240291892
17.900763913088106,17.923604601097864,18.063868406946344,18.374242662658187,18.783284624032998,19.15648424085844,19.5016577984338,19.68962352111197,19.46543286144394,19.05627750072741,18.517477260595108,17.89982471098935,17.26678814243892,16.65265497893725,16.061660452275756,15.539414171887772,15.271571927703665,15.41762575439175,15.881501432371941,16.358178240700465,16.60726203671796,16.884095569043335,17.32671786837238,17.84157439976672,18.266270462990693,18.733544179204284,19.32315369050293,19.907143858883405,20.79899428964045,21.252593240218758,20.47173960777131,19.351007268596234,18.41207497673678,17.238286364182645,16.609216908053543,16.670041366090725,17.369710079457786,17.88841526886101,18.01531835870272,17.67707475550655,16.905273873623038,16.049951136257935,15.368616813698175,15.45134456264324,16.061792405963754,14.879241366611087,14.047046434515932,13.941614847759192,13.868775754678042,14.20938107946765,14.523357601918548,15.024615189748507,14.282179478044103,12.115834738539911,11.73241564501347,12.979501018565612,13.092419467694837,12.012022543789874,11.130435685956376,10.618349723612665,9.185773559169172,9.338939778260515,10.23367194129746,9.793218453414626
18.29122780131089,18.309830727253136,18.45065140815257,18.772343184177167,19.214507572128614,19.642179095670247,20.04609643105249,20.252910093186394,19.960868342873024,19.410159027835405,18.66762081080884,17.86740710121347,17.127347556996327,16.474978365711713,15.914972225242463,15.457518434916595,15.228783057090757,15.351628441488897,15.741306761066152,16.136055755350302,16.311963817209975,16.498418401265976,16.860908542248463,17.34950145906507,17.76571004828916,18.158357786583508,18.622151605956006,19.002783618388627,19.699581143491184,20.47173960777131,20.74592267719895,20.148118852493507,18.943379184887558,17.687093930383547,17.14751451019245,17.176451218635762,17.82760050200639,18.427724133049754,18.584817442496103,18.13050613781998,17.070464076072703,16.12591652464944,15.562531138762719,15.687629735158458,16.17746659919755,14.880125048628896,14.107007692563627,13.964044817878746,13.730570173050733,13.867050605476434,14.216233150848806,14.877159488020133,14.237765553236425,12.053079448429264,11.872322018549932,13.208312058646413,13.20389025127172,12.1473748486369,11.155623301991554,10.672742202032692,9.041704754925764,9.27982306554078,10.395189189946427,9.874464931498057
18.87472216670649,18.895735122186643,19.02123232242202,19.28851620833014,19.691918879212867,20.15250890412935,20.636395243054256,20.870559994510735,20.493113003132095,19.790304572017394,18.863103732479342,17.90146505629411,17.053924097984286,16.353847929877205,15.81440989571132,15.427312939039053,15.256363140654853,15.378342353544936,15.711358319532728,16.037417665927684,16.165291150591386,16.27025401095729,16.53356557061703,16.95009750762037,17.290530459983163,17.532033066845877,17.867441594702193,18.165037529956805,18.72296750006452,19.351007268596234,20.148118852493507,20.50500500662231,19.548476232187603,18.272387404940467,17.725375898355566,17.66102727725267,18.269553649019592,18.929079273404522,19.14091762856563,18.60568311954307,17.288454324670006,16.27236052233505,15.688061475626188,15.82203685750962,16.119163129877744,14.699624531863025,13.96838222828099,13.806426903717206,13.39141436022015,13.435823111052272,13.865914177658249,14.678666934057539,14.17246413032549,11.854626937756128,11.882560696748811,13.378285539869958,13.31012337614852,12.260598963834807,11.217642076067065,10.702906307021061,8.896194728230123,9.16147832492516,10.508823730405648,9.923398462663528
19.43923736401184,19.46783168492603,19.57477820620446,19.76163582044223,20.07851513310785,20.508412842966035,20.991059680539227,21.177937014477838,20.70658915351247,19.922926098197777,18.939346018776767,17.936682545593683,17.033927715105463,16.268963498396104,15.705680001332293,15.33243559709885,15.188549686805166,15.341968863716188,15.689028976909412,15.992576672603239,16.084413066107356,16.136779326038763,16.31760733641356,16.594040246569968,16.791161084014256,16.920785799949975,17.187435801871658,17.445861757498584,17.956654587166913,18.41207497673678,18.943379184887558,19.548476232187603,19.69508325596642,19.015481167402175,18.409984349025187,18.20954374943099,18.731108780573688,19.38578025692257,19.624115397039436,19.05635311394544,17.564578347744074,16.531477749263814,15.785534451609667,15.871630988899051,15.957450751115596,14.402203852359424,13.609138980929949,13.42511277575551,12.894409358286243,13.02675543534296,13.531588421300583,14.449324142052214,14.025772346501165,11.583652136801392,11.724774526330144,13.35813949888455,13.253634954909208,12.141119914905099,11.223361521132023,10.647575351074035,8.72866680876163,8.919823455064924,10.370562074697517,9.842671014603196
