0,1,2,3,4,5,6,7,8,9,10,11,12,13,14,15,16,17,18,19,20,21,22,23,24,25,26,27,28,29,30,31,32,33,34,35,36,37,38,39,40,41,42,43,44,45,46,47,48,49,50,51,52,53,54,55,56,57,58,59,60,61,62,63
6.737518806913513,6.669594839250366,6.41664451974784,6.081799685663109,5.635064093691603,5.340707482610432,5.449143650778883,5.63158401420825,5.515112795867182,5.240153435390309,4.9402387342698635,4.723722391850553,4.527428172737243,4.265081410597929,3.8939147818883266,3.4668896344892426,3.192560875945878,3.136826070877918,3.3103140518915457,3.550706083078394,3.717453642172554,3.8239355255632663,3.8523110182444813,3.8134089775245354,3.6659929996702485,3.460246745562439,3.3977035952590926,3.467164887500123,3.488727131350385,3.5426701770693496,3.6122098844932533,3.589678143739201,3.506694896606858,3.386432186847822,3.33409683851389,3.2756654534962757,3.4289981220415027,3.621157339080235,3.7815220232877698,3.7329256388539087,3.111386479850787,2.349460200592958,1.9310111845119249,2.122165243879841,2.4766973213389627,2.4602867132149755,2.27658748568257,2.106175436694669,1.5989272870007847,1.6083731959802512,1.8983093913328333,2.106149469807439,2.01791547411744,1.554940418144818,1.6749879316538787,1.8794393207230207,1.8056016009668059,1.4865360263172867,1.337439828743786,1.206955190360322,1.0409019738679972,1.1772880306443771,1.3896265045475835,1.451451783116497
6.669594839250366,6.62153300873862,6.404846529892733,6.090842729615953,5.6528925965236585,5.3861167425636385,5.499691311965244,5.677547779691983,5.560261428581025,5.280303814633849,4.964585704615177,4.728819599206778,4.524990125336654,4.25582563044626,3.881745450423068,3.4461196770779696,3.156278215970972,3.095941891154027,3.263906362361515,3.495176237427523,3.6623406636781013,3.768674600743089,3.805728194216051,3.770313088551718,3.631837400519085,3.446205786609922,3.394201530600644,3.468407799273303,3.497488628993334,3.557383037536504,3.638725515678391,3.6290868811150303,3.5397791285988474,3.4267898555421668,3.361850010344622,3.3066575921336585,3.4645145197360714,3.6463339685204157,3.817610134039319,3.7666533536374627,3.1549608218739804,2.3791754049739366,1.9476181608785101,2.1359008898965,2.481716208487989,2.475773234125271,2.295273167083595,2.1176466962212737,1.6131122329020207,1.620389138328754,1.9116492107196745,2.1204657183769346,2.0258327630400688,1.5653578488494893,1.6896498157327935,1.89326497359156,1.8136374944814913,1.4910672595601044,1.3426411107816507,1.2124412898988355,1.0422078425126584,1.181503999090182,1.3969489286036427,1.4619419044052973
6.41664451974784,6.404846529892733,6.334992269824921,6.173436996115187,5.798310613609322,5.577255392416555,5.722203669670708,5.935930774964503,5.827254488263063,5.495121852772192,5.0893445741631895,4.805128573189522,4.618300329969616,4.338065073791654,3.940380886019337,3.4713690732422138,3.1272761150856465,3.0409385893444765,3.2065096948416603,3.4326425070777313,3.6138129473572698,3.7420855965888666,3.7939238888779356,3.7650776408990363,3.644086611370788,3.494297619819762,3.4654894181808324,3.5788992623832083,3.6084934248617757,3.6626114017808953,3.786685137684186,3.8190735007418444,3.705517623672244,3.5904227022677606,3.5062728461554062,3.4649111521807687,3.640373781765713,3.7778591506925405,3.976058165086882,3.9378200995202084,3.3330588021981886,2.5086871704251177,2.0281877906279675,2.1881077868773535,2.5148529200361667,2.533008318324368,2.366477947947154,2.1433438111797036,1.644521999733034,1.6405842400047657,1.9438827924682922,2.152624469122066,2.0347911737873443,1.5758035662618257,1.7037164723275027,1.9146173482538758,1.8193733424814413,1.47456646649975,1.3181030869604051,1.1850518994021262,1.0016898157102607,1.1529887015504656,1.3764343739682257,1.445420508657768
6.081799685663109,6.090842729615953,6.173436996115187,6.2708060721167325,6.063119671704113,5.88923517980871,6.06325959343763,6.331980637145673,6.223958135172219,5.796489425901497,5.245970160125228,4.9055985394573725,4.746663156040406,4.451389002356315,4.01187879157138,3.4884245006826258,3.0844764723299143,2.966444623581977,3.1266220734708168,3.3566039511608805,3.5634042837229787,3.7306276364957798,3.801853373627528,3.794641337512923,3.7122754205276225,3.5983617167404733,3.5937790824001703,3.7648626817002633,3.7806106699108573,3.821092144711638,3.9944241624159202,4.081852581635182,3.9393383538716087,3.795786588265562,3.7024668218360977,3.6732513782268352,3.8811971618382706,3.9579534085139043,4.19336185736838,4.178321601637379,3.5569341259921177,2.660452240909553,2.1106299192464784,2.236333090002043,2.5466150974404203,2.58472816399405,2.4387595605699675,2.159928073480849,1.65092559820113,1.6228725018161851,1.9459500633212325,2.1468574455981853,1.9891627602330444,1.5170526996676414,1.6455680841436993,1.8762075345143328,1.7575947227789452,1.371357408457192,1.1916662122284103,1.0508131900704323,0.8537706454974622,1.0134172690081864,1.2403639164901963,1.3126019944252156
5.635064093691603,5.6528925965236585,5.798310613609322,6.063119671704113,6.1872096923935205,6.26042945071605,6.4194989114254515,6.546102685366106,6.39225707691854,5.991197229610895,5.452933343519274,5.076366394181499,4.84335477889296,4.468060704208524,4.003176324562847,3.466455997589151,3.0246604513150057,2.8716237730525567,2.9804582856906348,3.1862720038995387,3.413171507730376,3.626065002631755,3.7511230382750083,3.7806108043463813,3.74070821641199,3.672335911409304,3.6957348126842087,3.9141109385227657,3.9849238122778843,4.0309581224900715,4.196817325691116,4.338868558096209,4.165739908663421,3.9810922933125314,3.898246534261058,3.880532492462502,4.105940420199565,4.148536624352509,4.403447723988832,4.450422049715286,3.856208072690672,2.8674870084195017,2.222358584998293,2.3318882977095403,2.707032239005166,2.766844904200673,2.5845468733809125,2.2625408656437322,1.7338392453768585,1.6835173473543965,2.0239115090277835,2.2001883458440115,2.0192271860970035,1.524888831071354,1.6751208258896138,1.922965260660015,1.7723846258963158,1.3474076671269104,1.1383129273980164,0.9551546637317747,0.7546278504488196,0.9074782334743652,1.1560796833255833,1.2513819833910758
5.340707482610432,5.3861167425636385,5.577255392416555,5.88923517980871,6.26042945071605,6.746529390044449,6.988510592323072,6.965245660638862,6.745003953764007,6.400165432314285,5.916260005857299,5.487089866263571,5.163720870564748,4.685800882073013,4.186656853842162,3.604639124643959,3.0597910570288094,2.8706950760027845,2.9595006890530917,3.142608153035462,3.3904005152684307,3.642517788457517,3.8435912119535516,3.908056582621686,3.8892218072292324,3.8651083623049405,3.9370781148918748,4.214314186684399,4.3607593526201605,4.38559166724396,4.543858403504916,4.7731846443336154,4.552257510592656,4.329068733846103,4.237479090059719,4.226402065807262,4.465534460103754,4.481383561389134,4.752806708645456,4.883337378948942,4.3521330236417475,3.211104998362308,2.3995438970391163,2.493133930752023,3.001155975304134,3.0985503407131496,2.818936131890943,2.421253804451764,1.8836828210551537,1.8230780586148492,2.188965421520226,2.34473830012787,2.156164989098947,1.6224477535357966,1.8181176567916186,2.092030657882082,1.8943638832824405,1.4167182279729091,1.1823007425819905,0.9250965980428597,0.7003609142558045,0.8572265921119624,1.1627255113411188,1.3045726201295984
5.449143650778883,5.499691311965244,5.722203669670708,6.06325959343763,6.4194989114254515,6.988510592323072,7.453486349954264,7.599760791347982,7.394044701390172,6.982217816046786,6.4070321741602525,5.929624100905483,5.620885221154448,5.1320312770192125,4.582806367500505,3.917445533785906,3.2850133965527086,3.0759064226057147,3.2033950326405654,3.422360316609239,3.6960174085494537,3.9557079289025414,4.164788495225026,4.233055806137736,4.189160011528396,4.156503808130765,4.259917571697175,4.566219587668434,4.692858458591824,4.703427122009193,4.891041250785303,5.162933608340881,4.907107610248429,4.6830104843287375,4.566275041170193,4.540337604535027,4.7966841736940555,4.798145871779389,5.081667064512617,5.219791949020177,4.682401132919583,3.4380318128901712,2.508130057305423,2.5986340906977983,3.155731884797943,3.2762942151084165,2.9525849722076942,2.494006092275946,1.941860042328877,1.8780202440386426,2.2682866717363326,2.421885300531276,2.230967077571242,1.653886591074887,1.859161107103335,2.1786140013468334,1.9500728788597586,1.4189771293961302,1.1631369437109431,0.8756649107807154,0.6247705714712167,0.8027960276609708,1.15365969375728,1.3149497013357203
5.63158401420825,5.677547779691983,5.935930774964503,6.331980637145673,6.546102685366106,6.965245660638862,7.599760791347982,8.23231836454448,8.253078030269693,7.6806312490037545,6.839632615255805,6.322980995566753,6.127342324810197,5.687852438515458,5.077680825718725,4.299706553759415,3.6021609483050585,3.3885389905619636,3.560504126445391,3.834273113994774,4.144440603302616,4.40095643620762,4.597643010193067,4.661732011553575,4.628123620448104,4.571846036764978,4.644177251304907,4.96749310846375,5.046146180731604,5.070912347421724,5.310302908788229,5.5513215967777905,5.310571737223135,5.150500327344412,4.968717449235183,4.8933388967173475,5.185841389128639,5.209889708685481,5.556657551683909,5.61358134062702,4.997928137275191,3.6965251963768555,2.7538685556200577,2.8593185343531275,3.366487776031714,3.485204857511638,3.149613018676377,2.660883396810539,2.071804949941539,2.005671842746161,2.430243894732187,2.612626523154172,2.379599542558492,1.7382353730104814,1.9151053055381335,2.288817000391133,2.0445601022680893,1.480891325058489,1.2240299672938457,0.9393978965292322,0.6787933439896575,0.8582004658309138,1.2333312414250683,1.395433122730512
5.515112795867182,5.560261428581025,5.827254488263063,6.223958135172219,6.39225707691854,6.745003953764007,7.394044701390172,8.253078030269693,8.548630584945197,8.048839103993457,7.169276623499945,6.653568267407817,6.494924160024946,6.0845518371397525,5.475321800177658,4.660374561508501,3.9297761595165834,3.690292024653485,3.834075065300201,4.109578507561117,4.442699796915766,4.70301082789306,4.908801485655885,4.956618280045257,4.926784711681948,4.883670196776091,4.93572459494447,5.219212806061538,5.291593547824377,5.365504798297902,5.610903530207383,5.775759381968211,5.566350650477222,5.45256421389003,5.182881325495174,5.085507864618888,5.3757396423763435,5.445528083256099,5.866015204050687,5.872426382226582,5.2571753696768475,3.96292907276974,3.0261690340611866,3.1210988276757234,3.612187820287739,3.7332909804259167,3.3611563458236926,2.8731781123830666,2.263164604634673,2.2129424277417526,2.6756496046042044,2.8890054020272444,2.618328112171857,1.931471669826124,2.0776870775299714,2.476779530575959,2.225848535322643,1.6657687202901033,1.433303412816706,1.1506198152151856,0.8980203292460438,1.0619060516380274,1.4484371888845164,1.617537597921603
5.240153435390309,5.280303814633849,5.495121852772192,5.796489425901497,5.991197229610895,6.400165432314285,6.982217816046786,7.6806312490037545,8.048839103993457,7.886593597941259,7.339711877739114,6.936946286840384,6.750595271387564,6.351574536944026,5.794582922512852,5.0228306882200915,4.295077521169945,4.0082421560151555,4.07162525385089,4.297984599011493,4.624327298631231,4.892200277887764,5.115942748985088,5.161788921064703,5.11666678460316,5.100396384820558,5.164429179455286,5.392322380209949,5.507687258127592,5.596454487297832,5.770481587619649,5.840065598743442,5.596582691160721,5.431485184825822,5.111797342245997,5.029953152231918,5.28317717977036,5.37359988910172,5.797746134736331,5.878564681689454,5.411514469312585,4.213599206278561,3.2787349358464883,3.322341860195661,3.8445289452806795,3.988626902811178,3.5861519871863994,3.117031089306867,2.528499669748396,2.5272681380059083,3.0149394371548617,3.2209773893915323,2.967081878438156,2.309584816523828,2.4380429213688046,2.8108610020520484,2.5751733357233886,2.0603469595614925,1.8596132497159679,1.575668148080742,1.3433350796085382,1.4922379338336476,1.8638750334722332,2.0428708454596536
4.9402387342698635,4.964585704615177,5.0893445741631895,5.245970160125228,5.452933343519274,5.916260005857299,6.4070321741602525,6.839632615255805,7.169276623499945,7.339711877739114,7.3363633816789635,7.173768192359584,6.96040489317332,6.578151724789948,6.0935272444436865,5.404489731122184,4.70669557866235,4.368774328674674,4.347247308746219,4.5215640419190954,4.819918563274895,5.10771463508263,5.3650883309968584,5.427602396253773,5.373150034207376,5.375527033710875,5.461314767179365,5.6483775442570705,5.825603165026939,5.911267426142314,5.954048270704345,5.908588326004561,5.56159280010806,5.254966525121882,4.902596545462087,4.8810061868054655,5.107602208382047,5.202016652067946,5.581794889988883,5.789199013572811,5.5538050631145,4.531569908238777,3.617309990187656,3.5789522869274553,4.15532761822529,4.321597908477789,3.9160190730211486,3.45274414446251,2.9144847668788563,2.9704096613795796,3.4762753948211484,3.6459105013782467,3.4341065356104608,2.8547349940071967,2.971962815568715,3.278628717012817,3.0721756639051385,2.6295333657908326,2.4466471674050867,2.163364712201854,1.9715283839857258,2.0919293924532125,2.426433008351018,2.6154666451068413
4.723722391850553,4.728819599206778,4.805128573189522,4.9055985394573725,5.076366394181499,5.487089866263571,5.929624100905483,6.322980995566753,6.653568267407817,6.936946286840384,7.173768192359584,7.316029882636804,7.310099971697828,7.0124657503312955,6.52468204910529,5.849633350857088,5.174447091665778,4.813365486977304,4.763210862381655,4.920887358959489,5.211446073645515,5.5203740810993835,5.775375461016018,5.85337780563552,5.808448412823682,5.768412688562853,5.830263610888752,6.083035527660003,6.296012889065084,6.315177419740413,6.251099989096566,6.106334954315103,5.642565018549891,5.1808404974436755,4.82808495303056,4.8148176333019705,5.069734509316619,5.157500398027489,5.501559835981967,5.817081092122249,5.708423536079841,4.825144635020998,3.9743333873028774,3.868454758003349,4.445959740015625,4.609749926009383,4.2132588810018206,3.7366300659863145,3.215055423708338,3.3102782928307395,3.845201240208354,3.961738186441303,3.7692239004315238,3.2572402629603694,3.3649348048753254,3.6125812770749324,3.4318202871701393,3.048903645816967,2.8571769805488993,2.571810120249038,2.4111403772440427,2.4929027224633673,2.775729955000391,2.9751264591917597
4.527428172737243,4.524990125336654,4.618300329969616,4.746663156040406,4.84335477889296,5.163720870564748,5.620885221154448,6.127342324810197,6.494924160024946,6.750595271387564,6.96040489317332,7.310099971697828,7.6611062193386825,7.570723760818565,7.080192881602526,6.355175430173116,5.647371212671354,5.282750805426557,5.274240946083054,5.450912987205626,5.748536309749374,6.061415202205703,6.275418592722824,6.345007038562398,6.285073637541091,6.178327131126513,6.2068104205290675,6.5551574521458305,6.761855910050906,6.690465936821434,6.585593852232825,6.364522281010784,5.790790230928581,5.217801147383094,4.845275551406333,4.804622583591338,5.109239621977625,5.171840844184666,5.509633770326716,5.90059191821436,5.865865966082142,5.070901441067693,4.272409927886112,4.088720989299364,4.62752609966295,4.786935601347474,4.3965974080169365,3.8892321675408548,3.3842927370715605,3.4969158007884746,4.058827048155514,4.122020842979282,3.919065005838952,3.473442750774342,3.565893764834242,3.773997943262016,3.6051753933786324,3.265314135445343,3.0627357292838933,2.7796890118236908,2.628565936040604,2.6889799262761573,2.9163156360650793,3.1128892463244133
4.265081410597929,4.25582563044626,4.338065073791654,4.451389002356315,4.468060704208524,4.685800882073013,5.1320312770192125,5.687852438515458,6.0845518371397525,6.351574536944026,6.578151724789948,7.0124657503312955,7.570723760818565,7.748604070010531,7.382980211732228,6.685356380926678,5.995914292212321,5.640927789411556,5.655037917623411,5.84215927633983,6.1263704986379866,6.405289072430392,6.567496254005922,6.607164779574373,6.50376839448421,6.359347710627899,6.377050181206042,6.715764410582943,6.888209363907536,6.785449306168554,6.654173356868524,6.344595139324497,5.712577095152925,5.089044576965907,4.68495763744618,4.651892641017105,4.953884247711528,4.984079110336148,5.320978195815917,5.749240423365856,5.831383393479673,5.183682068637757,4.453334462951555,4.187237296441631,4.66383877314594,4.821743728838518,4.456922265857546,3.9606209405239943,3.509736238121959,3.6351583623013086,4.1874257983923515,4.223300393340852,4.019276578457463,3.6570450092967026,3.7218280158956656,3.8883857751265514,3.739892617219228,3.459719966745975,3.2720957294761845,3.0104685768924324,2.87873192766573,2.938480636015036,3.110460114153337,3.2781130830283796
3.8939147818883266,3.881745450423068,3.940380886019337,4.01187879157138,4.003176324562847,4.186656853842162,4.582806367500505,5.077680825718725,5.475321800177658,5.794582922512852,6.0935272444436865,6.52468204910529,7.080192881602526,7.382980211732228,7.2362815693599565,6.714082912236452,6.117604760244513,5.791585196311827,5.784390832437563,5.940381059210829,6.179472174826277,6.4037547297506325,6.543505674931827,6.5512219418475555,6.40618561267478,6.265175970428289,6.287570616444185,6.5461692502492665,6.6898061372311,6.613118009063424,6.452542152838572,6.098192075715535,5.463873704900335,4.856649337428029,4.454092620486513,4.452973093926146,4.701671160020006,4.706696228380843,5.037333577688177,5.4855762819195455,5.671613840718094,5.180021922405455,4.522911272227036,4.2207153268290245,4.650774695283943,4.80141399395876,4.453251762093401,3.994067822359687,3.6111008454980706,3.7464149781971443,4.257046722025959,4.286905773943341,4.084630881397032,3.8054204197179677,3.856742121463651,3.9717169272523267,3.8495863006160738,3.635587618682343,3.4848937013158943,3.2505028264362963,3.14281831581265,3.205181311041706,3.3413525732455103,3.476323223565987
3.4668896344892426,3.4461196770779696,3.4713690732422138,3.4884245006826258,3.466455997589151,3.604639124643959,3.917445533785906,4.299706553759415,4.660374561508501,5.0228306882200915,5.404489731122184,5.849633350857088,6.355175430173116,6.685356380926678,6.714082912236452,6.479999948602705,6.100797023254846,5.83720094055959,5.79258527303757,5.896639847045194,6.072314168282671,6.241259799905042,6.3237990272576825,6.2834036176984895,6.11065968818289,5.96065870751572,5.966280770617338,6.15098402207805,6.265114336996152,6.208054592070438,6.011656777257957,5.6294557324895225,5.023139330476035,4.4461097782331915,4.110946183088923,4.155846058961831,4.326708449528948,4.296368461529845,4.574970491858401,5.044348178317164,5.311148293659926,4.9966810022655626,4.4506030894836615,4.140970298021505,4.536606441146907,4.666672416140817,4.358516786786765,3.9438298393731133,3.6259745314796663,3.7666274494024417,4.21594735250583,4.23427079910595,4.054534945915027,3.861850009528658,3.906161223620593,3.9567739324499973,3.8778821234630976,3.738522632256904,3.621901882096828,3.4113365257398924,3.329644945524885,3.3884809470415918,3.4890547283546414,3.582527253112455
3.192560875945878,3.156278215970972,3.1272761150856465,3.0844764723299143,3.0246604513150057,3.0597910570288094,3.2850133965527086,3.6021609483050585,3.9297761595165834,4.295077521169945,4.70669557866235,5.174447091665778,5.647371212671354,5.995914292212321,6.117604760244513,6.100797023254846,5.9914342560706455,5.847167805795539,5.799328822505381,5.87139134381822,5.997084763914993,6.108300647249066,6.105507961920165,6.012695597973698,5.823813196993425,5.647849105053918,5.601010816807769,5.732704439317161,5.806304806349089,5.727973487910068,5.493498941475247,5.070229610520717,4.519972045809927,3.9928190546817004,3.7501601238068796,3.8294963877841406,3.939052299932926,3.870308839789827,4.083031444171894,4.5239629824447265,4.836017149046749,4.700081847056511,4.28959738047116,3.9969348972523564,4.328109210741022,4.417818413828958,4.163108602962478,3.811074087038836,3.530301552712339,3.669008098036319,4.059663205604168,4.078174157839431,3.929013688689226,3.7972308729784903,3.824710689964797,3.828856137802121,3.790261080983135,3.716706821398775,3.624794814282875,3.4423433881429633,3.386042170344589,3.4328313067510168,3.5009882497900437,3.5536320439957807
3.136826070877918,3.095941891154027,3.0409385893444765,2.966444623581977,2.8716237730525567,2.8706950760027845,3.0759064226057147,3.3885389905619636,3.690292024653485,4.0082421560151555,4.368774328674674,4.813365486977304,5.282750805426557,5.640927789411556,5.791585196311827,5.83720094055959,5.847167805795539,5.848018699774539,5.916693078441586,6.031434657115692,6.147505889746724,6.212961870040111,6.1515747796082785,6.012817490590098,5.773259068899235,5.536870330033612,5.437632052646444,5.547105667754379,5.593755692969293,5.482040728447275,5.230475586281754,4.808210407097843,4.287318332858346,3.817596104833285,3.6445519852590316,3.722200158930027,3.8092046545810496,3.7160159841078033,3.8857932723058246,4.286995032431277,4.580956940821161,4.511788402842866,4.1746716216363895,3.9165089554136885,4.203927427211438,4.248243452233482,3.9927241995592606,3.6695962134410047,3.396199588526801,3.5244964193687154,3.88254977213291,3.9034497281758243,3.7673215744531556,3.6506631914777397,3.664126266551769,3.6559505683778033,3.6265301440979503,3.5875793384683394,3.5143804807341295,3.333322630125517,3.283372592026721,3.3143867704589476,3.3835154865431227,3.4179117025103176
3.3103140518915457,3.263906362361515,3.2065096948416603,3.1266220734708168,2.9804582856906348,2.9595006890530917,3.2033950326405654,3.560504126445391,3.834075065300201,4.07162525385089,4.347247308746219,4.763210862381655,5.274240946083054,5.655037917623411,5.784390832437563,5.79258527303757,5.799328822505381,5.916693078441586,6.2065742223862115,6.47825182144125,6.649290251916769,6.717113169120586,6.609027169163338,6.414780582998917,6.073530578347219,5.720023497219356,5.5597590261818315,5.6782179336996945,5.70978699928601,5.547507166905806,5.285194583089869,4.8867011804434615,4.352541327903681,3.8987339330726845,3.789106158173379,3.8534357860177915,3.9461192490649353,3.831876386100108,3.9618203740474423,4.35037651788773,4.574707402597867,4.493093532121508,4.1732236330744845,3.9380998357528116,4.219628167716409,4.212477427392348,3.916731367296132,3.5741692001132055,3.2953106158115246,3.4089276585177033,3.759973115717285,3.773238629474145,3.647936025438449,3.5103535394920367,3.510956039238685,3.5177594173471913,3.480193637009616,3.447531813634546,3.3701620548845845,3.1609132770293895,3.097056146195117,3.117069850470132,3.2036081722510517,3.2373345065248365
3.550706083078394,3.495176237427523,3.4326425070777313,3.3566039511608805,3.1862720038995387,3.142608153035462,3.422360316609239,3.834273113994774,4.109578507561117,4.297984599011493,4.5215640419190954,4.920887358959489,5.450912987205626,5.84215927633983,5.940381059210829,5.896639847045194,5.87139134381822,6.031434657115692,6.47825182144125,6.960378882664271,7.274076124229225,7.421809532321613,7.317658120954587,7.074158271274357,6.625193753757542,6.157020175007808,5.931438469936186,6.0374261466184675,6.05063585040424,5.861381707656595,5.578770595280829,5.178090403907796,4.620965332613153,4.149992070702254,4.061752178547585,4.13285154829571,4.234716675743455,4.102116708734998,4.216180362368864,4.612258032580847,4.791501808385345,4.684435776752947,4.349431503297314,4.113956906557391,4.40762502178998,4.350096610139848,4.001751680869885,3.6326591401195913,3.3443489796633856,3.4444232401186925,3.80610082108862,3.817119884573027,3.6934705641130487,3.511808413463658,3.498177127820377,3.5364649772356818,3.479901998667534,3.435516191408246,3.332849335327571,3.0960734795289944,3.020069056585746,3.0376460100965406,3.1349836699565037,3.1706681210859453
3.717453642172554,3.6623406636781013,3.6138129473572698,3.5634042837229787,3.413171507730376,3.3904005152684307,3.6960174085494537,4.144440603302616,4.442699796915766,4.624327298631231,4.819918563274895,5.211446073645515,5.748536309749374,6.1263704986379866,6.179472174826277,6.072314168282671,5.997084763914993,6.147505889746724,6.649290251916769,7.274076124229225,7.798500583621534,8.107390898754643,8.067256346999217,7.812797754121338,7.296031957718428,6.7431293967496915,6.457978343381179,6.539834929740922,6.542129512388228,6.326606683447682,6.019167229234099,5.594370119349149,4.998142031890811,4.492450864394065,4.381339277494512,4.467395020095995,4.588939474319283,4.438858362979645,4.56677389048559,4.99185980582517,5.174008624466954,5.0214596310063,4.643900208222041,4.38599212068266,4.706605382137834,4.617122814973792,4.204855937320607,3.804946898778286,3.517293212523003,3.611618169094297,3.9951808096129544,4.003344699769955,3.861990760386328,3.629839299168525,3.6118225535462027,3.6819611655777313,3.595679097867913,3.5243514442574373,3.394757856454002,3.1387118690012725,3.054529655690807,3.074243235280607,3.1741072557719714,3.2097859612600828
3.8239355255632663,3.768674600743089,3.7420855965888666,3.7306276364957798,3.626065002631755,3.642517788457517,3.9557079289025414,4.40095643620762,4.70301082789306,4.892200277887764,5.10771463508263,5.5203740810993835,6.061415202205703,6.405289072430392,6.4037547297506325,6.241259799905042,6.108300647249066,6.212961870040111,6.717113169120586,7.421809532321613,8.107390898754643,8.647420494251692,8.760317506914598,8.542946004042674,8.011500451973857,7.385753537578187,7.027839534096781,7.080341672162821,7.07552906021905,6.829152026801909,6.479182118427745,6.0185043498168636,5.375969763238093,4.816755675164304,4.6795601686342465,4.785342538016113,4.939445891407174,4.776338310123697,4.908677725687007,5.370931006389315,5.57044785526191,5.375013112237905,4.950178371401047,4.648049639109111,5.010888023465557,4.9110517364907995,4.450919627798654,4.004452022582136,3.7177791598054744,3.808653592516106,4.223295531470329,4.218172800060817,4.0507506018598844,3.7679629258379213,3.7556493476995625,3.85140034057272,3.7419794856318274,3.640046077594789,3.47358801932747,3.197650059055842,3.111707070018844,3.1291260915541907,3.2195296755655884,3.2528578615450745
3.8523110182444813,3.805728194216051,3.7939238888779356,3.801853373627528,3.7511230382750083,3.8435912119535516,4.164788495225026,4.597643010193067,4.908801485655885,5.115942748985088,5.3650883309968584,5.775375461016018,6.275418592722824,6.567496254005922,6.543505674931827,6.3237990272576825,6.105507961920165,6.1515747796082785,6.609027169163338,7.317658120954587,8.067256346999217,8.760317506914598,9.115268947511,9.036584928854854,8.564658208861566,7.946269962176914,7.533985295189262,7.496214345599242,7.463452896932958,7.215012467930536,6.827199363798276,6.328998024296112,5.6403395300699595,5.065250556768239,4.883985305208898,4.998385593659092,5.183727490465429,5.0339512856991515,5.1945329445265,5.651361008934139,5.892658142781475,5.6683333058385275,5.195957987620932,4.863263902115294,5.226955233040023,5.1419084170210345,4.665892116144176,4.198695145073028,3.912627450435249,4.0100315949064855,4.446424117671278,4.429937551321762,4.22934386931956,3.9139941489355574,3.898854290193269,4.012291319891546,3.8896222345752594,3.766076800262268,3.5839403149453553,3.303290847737293,3.2341060248737974,3.240084138938326,3.3200375770935233,3.3520750979728096
3.8134089775245354,3.770313088551718,3.7650776408990363,3.794641337512923,3.7806108043463813,3.908056582621686,4.233055806137736,4.661732011553575,4.956618280045257,5.161788921064703,5.427602396253773,5.85337780563552,6.345007038562398,6.607164779574373,6.5512219418475555,6.2834036176984895,6.012695597973698,6.012817490590098,6.414780582998917,7.074158271274357,7.812797754121338,8.542946004042674,9.036584928854854,9.191048843417597,8.895312568701437,8.345436151827501,7.903651128476187,7.798376646834631,7.692521373939313,7.387499569698409,6.952264059483442,6.425456065494852,5.673460622954186,5.0649679047255995,4.884895381158929,4.987740598530203,5.2115998138844155,5.079490770964157,5.243936601871531,5.706740737195771,5.956896850383071,5.741215897142241,5.264870610681041,4.906682083619097,5.241786622562332,5.192135155708967,4.74926385247676,4.281625064695947,4.012955426167099,4.124163953143884,4.561036498883949,4.516828791542576,4.307585336112076,3.990601027032813,3.9701704957274,4.083885524337128,3.9702502597325755,3.8368005089844255,3.6436462184259075,3.3705048280824035,3.318772096438139,3.31471772482451,3.3745255580164364,3.4069279549807163
3.6659929996702485,3.631837400519085,3.644086611370788,3.7122754205276225,3.74070821641199,3.8892218072292324,4.189160011528396,4.628123620448104,4.926784711681948,5.11666678460316,5.373150034207376,5.808448412823682,6.285073637541091,6.50376839448421,6.40618561267478,6.11065968818289,5.823813196993425,5.773259068899235,6.073530578347219,6.625193753757542,7.296031957718428,8.011500451973857,8.564658208861566,8.895312568701437,8.936124943912233,8.619874920196906,8.238679789223996,8.084278470491796,7.8625649064313,7.451771374944431,6.951657992060986,6.370075325743388,5.591160727034885,4.961724332693439,4.761587128692252,4.8631815235145375,5.115788573313036,4.992341065312617,5.177299406079046,5.638151552179508,5.901328762139011,5.715002437394203,5.244964203779935,4.831551375586639,5.138602017207801,5.1540335985626164,4.792335860009168,4.334633347318636,4.071930395386146,4.198948861839727,4.637827573493672,4.571143720033603,4.3302333612888235,4.013759882451217,4.0054029381523515,4.100094719119972,4.008217232976573,3.87273285816321,3.6758290780026703,3.4358871651187597,3.38168192631211,3.372821199807488,3.394877350471264,3.429812497853362
3.460246745562439,3.446205786609922,3.494297619819762,3.5983617167404733,3.672335911409304,3.8651083623049405,4.156503808130765,4.571846036764978,4.883670196776091,5.100396384820558,5.375527033710875,5.768412688562853,6.178327131126513,6.359347710627899,6.265175970428289,5.96065870751572,5.647849105053918,5.536870330033612,5.720023497219356,6.157020175007808,6.7431293967496915,7.385753537578187,7.946269962176914,8.345436151827501,8.619874920196906,8.697668068713925,8.557007975199598,8.407035586859728,8.08343154504911,7.564559497817096,6.984996159700158,6.32091614021867,5.487161254296322,4.835782424759813,4.556423905181423,4.685955113409572,4.931941357957485,4.809481427595935,5.053088232360493,5.520111597161288,5.865522106453784,5.699243185945602,5.1850549546188835,4.694903639124876,4.987506331304668,5.083273571527523,4.813895041372644,4.368204729129448,4.112587075969626,4.253136853719125,4.688165230870709,4.620985194005685,4.339144424136311,4.03358345399129,4.036599979551621,4.121523668887203,4.0341227626094405,3.900552046530288,3.7032297113977717,3.512038041886799,3.437270828388555,3.450909899467191,3.441038252140002,3.481785936796667
3.3977035952590926,3.394201530600644,3.4654894181808324,3.5937790824001703,3.6957348126842087,3.9370781148918748,4.259917571697175,4.644177251304907,4.93572459494447,5.164429179455286,5.461314767179365,5.830263610888752,6.2068104205290675,6.377050181206042,6.287570616444185,5.966280770617338,5.601010816807769,5.437632052646444,5.5597590261818315,5.931438469936186,6.457978343381179,7.027839534096781,7.533985295189262,7.903651128476187,8.238679789223996,8.557007975199598,8.803109141648418,8.868892749295739,8.573922489638395,7.992125469456343,7.299962480382203,6.521923790834031,5.550998656247522,4.800287117551855,4.446570110625291,4.609315646046249,4.8638025797312965,4.7344271030187315,5.0216148665402605,5.539184325001913,5.939418153261954,5.759520426221158,5.175053184277568,4.595081445645106,4.928345462337387,5.0882020611808265,4.8879279127933914,4.434878286923126,4.167282288716219,4.305004620491555,4.748486227138718,4.668942724464835,4.366984578290974,4.085446356440711,4.122240841841724,4.191052918474945,4.090324283350225,3.957160741136403,3.745554690768341,3.5684213625552554,3.4542597594575364,3.5001327881856614,3.491064500185957,3.550517484582653
3.467164887500123,3.468407799273303,3.5788992623832083,3.7648626817002633,3.9141109385227657,4.214314186684399,4.566219587668434,4.96749310846375,5.219212806061538,5.392322380209949,5.6483775442570705,6.083035527660003,6.5551574521458305,6.715764410582943,6.5461692502492665,6.15098402207805,5.732704439317161,5.547105667754379,5.6782179336996945,6.0374261466184675,6.539834929740922,7.080341672162821,7.496214345599242,7.798376646834631,8.084278470491796,8.407035586859728,8.868892749295739,9.514990393552326,9.559821254705618,8.992623114063935,8.183362565196552,7.278159579616296,6.056981121716212,5.079151948665553,4.7056308992330145,4.853659921908623,5.216513290235248,5.087964683038453,5.388964978184293,5.962459153238777,6.325087058425883,6.069876752430957,5.452933041951819,4.843154809835086,5.24430519513174,5.454275471970664,5.289420019993821,4.790905985749268,4.452919977507726,4.544507306507517,5.025635545755002,4.895682739840955,4.6093298113404355,4.339596515781588,4.437524655012101,4.497170735447433,4.37302333833756,4.208440470336972,3.937952337574006,3.715172290243054,3.571647196036574,3.624623146513651,3.653842504938682,3.7695624355720807
3.488727131350385,3.497488628993334,3.6084934248617757,3.7806106699108573,3.9849238122778843,4.3607593526201605,4.692858458591824,5.046146180731604,5.291593547824377,5.507687258127592,5.825603165026939,6.296012889065084,6.761855910050906,6.888209363907536,6.6898061372311,6.265114336996152,5.806304806349089,5.593755692969293,5.70978699928601,6.05063585040424,6.542129512388228,7.07552906021905,7.463452896932958,7.692521373939313,7.8625649064313,8.08343154504911,8.573922489638395,9.559821254705618,10.31911491016728,10.176460617255284,9.338569501123743,8.20024643395539,6.734255791824895,5.565441681417705,5.079501726936074,5.186333706342273,5.659241861028935,5.588812122961748,5.860584094901314,6.425544753279108,6.781017993877085,6.442201363510543,5.831952526617459,5.291350094205524,5.7140171773541395,5.966935325356677,5.822364633724373,5.3586108534015295,4.958940062528417,4.995909215771929,5.478525816365452,5.320991670943064,5.046837060537318,4.8105337034817515,4.980288662650083,5.047237256785025,4.87926413690184,4.663369372937989,4.3744071847662775,4.1228961750321105,4.00001335935506,4.060919215824301,4.1545562877108635,4.315570542347376
3.5426701770693496,3.557383037536504,3.6626114017808953,3.821092144711638,4.0309581224900715,4.38559166724396,4.703427122009193,5.070912347421724,5.365504798297902,5.596454487297832,5.911267426142314,6.315177419740413,6.690465936821434,6.785449306168554,6.613118009063424,6.208054592070438,5.727973487910068,5.482040728447275,5.547507166905806,5.861381707656595,6.326606683447682,6.829152026801909,7.215012467930536,7.387499569698409,7.451771374944431,7.564559497817096,7.992125469456343,8.992623114063935,10.176460617255284,10.736477117639676,10.204414190347972,9.02823871156195,7.480510933159145,6.198568272262963,5.4855383519745935,5.539772471397421,6.070203061580178,6.056149284567712,6.30577150240463,6.792477798070336,7.098275650073809,6.63863075496448,6.0285939472977415,5.613221503647205,6.078260081499553,6.38803242286266,6.236571465656724,5.820854054566433,5.392662894573137,5.388932336091382,5.820473856959178,5.666776830588147,5.380119181720347,5.174500103429133,5.424266057992978,5.520999404055334,5.2794610081599265,4.992124387507621,4.7069555438140265,4.4657699380207365,4.385184086962385,4.481886057915528,4.642464952665814,4.809026437608225
3.6122098844932533,3.638725515678391,3.786685137684186,3.9944241624159202,4.196817325691116,4.543858403504916,4.891041250785303,5.310302908788229,5.610903530207383,5.770481587619649,5.954048270704345,6.251099989096566,6.585593852232825,6.654173356868524,6.452542152838572,6.011656777257957,5.493498941475247,5.230475586281754,5.285194583089869,5.578770595280829,6.019167229234099,6.479182118427745,6.827199363798276,6.952264059483442,6.951657992060986,6.984996159700158,7.299962480382203,8.183362565196552,9.338569501123743,10.204414190347972,10.341193560640582,9.665048682964438,8.30918079384451,6.977886911451598,6.0595720701984055,5.984422185851735,6.5143517938495785,6.512317790335911,6.764073227533784,7.155663048478521,7.317988238890809,6.6265471368771305,5.937236263714933,5.642826138686004,6.236622190883798,6.578958843963566,6.324722616498928,5.835904669007243,5.4239817067069795,5.409286290179068,5.805328587725764,5.6620581902109715,5.360863571513872,5.139272598201902,5.473092051383961,5.624026640341428,5.274002162475295,4.8847987313217445,4.610471500645129,4.374804786286381,4.283353264625473,4.453430517902337,4.679027321297963,4.842403607011543
3.589678143739201,3.6290868811150303,3.8190735007418444,4.081852581635182,4.338868558096209,4.7731846443336154,5.162933608340881,5.5513215967777905,5.775759381968211,5.840065598743442,5.908588326004561,6.106334954315103,6.364522281010784,6.344595139324497,6.098192075715535,5.6294557324895225,5.070229610520717,4.808210407097843,4.8867011804434615,5.178090403907796,5.594370119349149,6.0185043498168636,6.328998024296112,6.425456065494852,6.370075325743388,6.32091614021867,6.521923790834031,7.278159579616296,8.20024643395539,9.02823871156195,9.665048682964438,9.949862600717621,9.068598294494056,7.76021046190026,6.752908188932299,6.4970410532676635,6.961490447177494,6.971918848004904,7.197486738807645,7.527470572101423,7.445579481964979,6.505050897795685,5.703705062180134,5.5235226045976065,6.291299211186153,6.606815885502906,6.2174943427369955,5.5730949501012,5.183391170277831,5.1766020678885,5.569262386120338,5.437645625701199,5.147243064954128,4.874229881199032,5.284688273427234,5.464033123600362,5.0137269760520216,4.520929438075833,4.267571264614554,4.013865445563906,3.8907552027221293,4.131067135975669,4.426771489010834,4.607815401014416
3.506694896606858,3.5397791285988474,3.705517623672244,3.9393383538716087,4.165739908663421,4.552257510592656,4.907107610248429,5.310571737223135,5.566350650477222,5.596582691160721,5.56159280010806,5.642565018549891,5.790790230928581,5.712577095152925,5.463873704900335,5.023139330476035,4.519972045809927,4.287318332858346,4.352541327903681,4.620965332613153,4.998142031890811,5.375969763238093,5.6403395300699595,5.673460622954186,5.591160727034885,5.487161254296322,5.550998656247522,6.056981121716212,6.734255791824895,7.480510933159145,8.30918079384451,9.068598294494056,9.016750028355718,8.175736046623046,7.222232345130475,6.817397679165005,7.08103683083791,7.08259260014679,7.273341472583374,7.442089452640333,7.1371458298306125,6.110237753147522,5.340194840199419,5.285535772469399,6.068020771385977,6.303125360896102,5.846162363692174,5.177660055108296,4.784681646112352,4.794416112603935,5.157495452838267,5.106804949391026,4.801988485275376,4.42999308699377,4.857701515399792,5.08531602558211,4.609704087730381,4.054880838062063,3.8596237854381106,3.6244546847138395,3.489880778952848,3.7495571322088144,4.064222777902743,4.249864167860705
3.386432186847822,3.4267898555421668,3.5904227022677606,3.795786588265562,3.9810922933125314,4.329068733846103,4.6830104843287375,5.150500327344412,5.45256421389003,5.431485184825822,5.254966525121882,5.1808404974436755,5.217801147383094,5.089044576965907,4.856649337428029,4.4461097782331915,3.9928190546817004,3.817596104833285,3.8987339330726845,4.149992070702254,4.492450864394065,4.816755675164304,5.065250556768239,5.0649679047255995,4.961724332693439,4.835782424759813,4.800287117551855,5.079151948665553,5.565441681417705,6.198568272262963,6.977886911451598,7.76021046190026,8.175736046623046,8.193964773269991,7.6570812637939785,7.196095325878986,7.151740438905712,7.039537711566038,7.193348273404616,7.19801107403916,6.764297114623912,5.749205717698943,5.073389289371949,5.1414739519311645,5.7862962325117655,5.908960817809326,5.4335674285441105,4.810120219186532,4.4409263865674955,4.474342862831182,4.777930019019922,4.807514925930159,4.480209830786059,4.039880059626421,4.412676829203286,4.694640160415123,4.268774322997757,3.7018683464839,3.5698956943059574,3.3560373832032684,3.217789643396212,3.4423776658624115,3.776389723929667,3.974600107239576
