0,1,2,3,4,5,6,7,8,9,10,11,12,13,14,15,16,17,18,19,20,21,22,23,24,25,26,27,28,29,30,31,32,33,34,35,36,37,38,39,40,41,42,43,44,45,46,47,48,49,50,51,52,53,54,55,56,57,58,59,60,61,62,63
12.131924554569988,11.930317605654718,10.951195556623043,9.298959419448753,7.410587373407985,5.963264067758826,5.14918030691375,4.436192583951247,3.7513948535766577,3.299290106294912,3.3157821298826375,3.7779323114594376,3.7502262706604985,3.178066562357058,2.4957085350268042,2.5522496430462565,3.085800649877706,3.2932898955967236,3.5920995473661725,3.7970810933434285,3.690616205471736,3.3814687047432503,3.0624614770757543,3.112877742695152,2.941203560048362,2.46835157352119,2.2577392455692067,2.448864515292443,2.678677655541747,2.7262902431148173,2.479469502979247,2.534303982090056,2.7504312368804023,2.368070562696151,2.4116870024882795,2.248262730224608,2.569343619433361,2.996441346989729,2.5475294619837157,2.720716191287137,2.6528886543461327,2.719319054717332,2.4930479321670567,2.6504609196919873,2.8775151025592565,2.7374690258423637,2.795536870918389,2.8700702508922946,2.8057771944048375,2.9845460594980966,3.113746660917587,3.373010607241417,3.4040270189739474,3.4272993307917465,3.489353054399646,3.109663881364337,3.201395991779039,3.0939922753375555,3.171454633110267,3.468969538130544,3.416117280698161,3.6956409013368736,3.642094586371201,3.4609571714006764
11.930317605654718,11.77163223841725,10.872595868549611,9.26992944892211,7.393570074781306,5.963273724787069,5.161720331179023,4.47141900649674,3.783643454283096,3.304335646071104,3.289090490776991,3.710367635843386,3.6669426001478507,3.1167240243145846,2.4736132836744718,2.5236752427487312,3.030384390549258,3.2464674835444147,3.553155881678994,3.7519534655911664,3.6400806947933577,3.3384745030412692,3.0260398436435234,3.0570382342547013,2.891129118711155,2.4322044426817375,2.213499462664015,2.4104250190519894,2.6409089447902154,2.6895321380755317,2.4696768546637484,2.5343763274311275,2.742482661476723,2.390587970427118,2.425833909041352,2.2626943682087304,2.5726534452044945,2.972957246605245,2.538546540572753,2.7070784958805296,2.6474877486502466,2.71350440860289,2.50756736507387,2.675883258376357,2.8951357745528337,2.765197677025982,2.8342408243225994,2.90112062524314,2.8353293050296524,3.0144071101248744,3.146254268644068,3.413035345346455,3.440623137236417,3.4663541548831267,3.5403350677513052,3.140154186497243,3.2251299094980204,3.1259806585080248,3.195320815487884,3.4885033565493075,3.4372473778080668,3.7141806574505662,3.6696215093751596,3.4954219984526254
10.951195556623043,10.872595868549611,10.301678759109889,9.047709951717668,7.341849954386814,6.006137721939209,5.293908664328611,4.7344750685076304,4.090725437107235,3.5220872107383197,3.334299595735716,3.5636120176947026,3.5119643927734776,3.088870603985584,2.6061664554388777,2.630233900339237,2.9914146609944043,3.166696289626528,3.481718632995561,3.683185337975997,3.589648674948903,3.334712576585876,3.0268634807593706,2.9732887216302473,2.7754799968872077,2.370799540209727,2.1657005048160904,2.3911120127892387,2.628971232067621,2.6784418232454312,2.5481445762059,2.6349156461042833,2.8141274181250457,2.5502348602937146,2.5658801756728944,2.433063427235368,2.6568106211248397,2.9541140037257354,2.6027427124149836,2.761945180828828,2.7128554416725876,2.758331497784477,2.608980631735749,2.770037977985871,2.950943130238253,2.8485506619533814,2.924385327296885,2.9443679440518817,2.8945150342648382,3.067710799750161,3.2028522812906695,3.4730481464500564,3.475753886968665,3.4902197301344415,3.573023104606241,3.1630638411978014,3.2344967531423907,3.157902426430898,3.204721852187432,3.4660379156358982,3.4171042933100084,3.6929185059897636,3.6780000577312677,3.517740105410474
9.298959419448753,9.26992944892211,9.047709951717668,8.375510709448472,7.1354886255978975,6.0152345787305705,5.420746713072963,4.969911163723227,4.372076272919586,3.73042415914868,3.3157212660869915,3.2518739031343307,3.175249736368542,2.9361153362661416,2.6707064006253987,2.677464797174199,2.8572754934667004,2.9425757510978383,3.211589884224521,3.4047330987016124,3.3660490314741964,3.1932290584212053,2.8844706615953277,2.723048456398862,2.4770095175063904,2.1685229794160343,2.0267813849723613,2.2379530758038144,2.458647524222085,2.5548497801919,2.550496294034337,2.6581551342333736,2.8025919809460844,2.610322301649199,2.6105430001639793,2.5257678484810198,2.5965475478214555,2.759588671032249,2.537342842510879,2.6557440318581014,2.6188639910782507,2.6390935700812226,2.5734333877483127,2.724623429628363,2.834240120937069,2.76363058323367,2.8353520193652946,2.8096516254749306,2.7963508423043537,2.9593306301989637,3.087263755748536,3.329057031138301,3.2928564093157227,3.2832059579573407,3.3514641763332937,2.9743567130507285,3.0272742575210696,2.987622516265618,3.0115346691336877,3.216707395872661,3.175178891006348,3.450985091196654,3.4628428041850605,3.3130651565743356
7.410587373407985,7.393570074781306,7.341849954386814,7.1354886255978975,6.616010581578205,5.90908370679533,5.348108832946836,4.789984903869246,4.22245220790848,3.6791079545383494,3.2406059531106237,2.9524940436066003,2.732091205439093,2.545407517789832,2.428081178701837,2.4673015826187883,2.5604323348471176,2.573007056211388,2.7010667601471714,2.82947511759107,2.838428469922455,2.7545839814428326,2.5149220732423228,2.3155519553245787,2.0455141981896614,1.8221450998635027,1.771822224539554,1.9350566974497783,2.1421532453939465,2.3789126178134605,2.47663469468056,2.580775271358591,2.7178975966656482,2.5704616006798364,2.5598268806380666,2.4832484143750513,2.4011143049068284,2.4818739019957676,2.3677010793264905,2.4637924400626274,2.4583852365424756,2.475341151995914,2.4689484045353733,2.609316643140021,2.645908816505525,2.6047357412478,2.658394665372727,2.6333964919703994,2.636505343137688,2.7821772215083658,2.8983905624984323,3.0841966155170315,3.0180674605535254,2.9852541706848936,3.0349658104654984,2.7361298801643192,2.759802815875401,2.7565526193666297,2.774006904441123,2.9128321269054083,2.8899312770821086,3.141346282251047,3.1693493415558414,3.0293601270980477
5.963264067758826,5.963273724787069,6.006137721939209,6.0152345787305705,5.90908370679533,5.668744671170267,5.291000524814195,4.785971261873845,4.298706868853904,3.8545279955857445,3.4583306423826192,3.1022775180033433,2.820109501663618,2.620325525412887,2.527857377314047,2.496991821454381,2.464031179979049,2.450968083376179,2.5330177707376325,2.617478261618117,2.615020641188898,2.560556668524517,2.443328938594584,2.302360249690105,2.0494180285301593,1.8522874620328944,1.8765645830567559,2.1159906269725863,2.361521007989521,2.6198949365591107,2.7754591837186338,2.9245161080655064,2.9842364678150273,2.883067552034201,2.918940555652995,2.829472077765683,2.718502909318145,2.744484312694104,2.717485357243268,2.8240523988351702,2.81417112238166,2.780822711277782,2.699536904555538,2.703670676234787,2.635755665292302,2.5740595645660607,2.5844670272126873,2.546889825059115,2.5288979904939923,2.6321192944312197,2.7444764577286676,2.858443671094491,2.783325418998856,2.7463755421749596,2.8008268259725972,2.6389774951622114,2.64921325349058,2.6536694261527574,2.6783813417659057,2.758869788810651,2.738737894146702,2.901871276661802,2.9293173572931965,2.825060570140059
5.14918030691375,5.161720331179023,5.293908664328611,5.420746713072963,5.348108832946836,5.291000524814195,5.324533450936927,5.215803461490454,4.839880961598863,4.34880997155963,3.8800674930595633,3.4675202070261544,3.244157328932135,3.159472394377816,3.1223517677099784,2.9608047580331065,2.7485135367221734,2.694997590299412,2.8067532939498774,2.8997297007261884,2.887052703970152,2.826194271498476,2.7208491351750865,2.5846641692095895,2.309536825220786,2.1227296960392033,2.229406572303736,2.5716840299223174,2.805173450629508,2.9812778040751633,3.1934874437708003,3.346479030295178,3.256835590483117,3.2232211095817402,3.3023441850467736,3.2840157025138317,3.2246120595252745,3.1872627941315335,3.2284517152318655,3.2931401050375535,3.2456755711405982,3.1400337771845988,2.944737156732538,2.7608429327903767,2.5609791944102915,2.4621493967444317,2.431164147614223,2.342901859528066,2.292531303663695,2.350337702561195,2.472303144445974,2.505825235911454,2.44992388073044,2.4317190855719857,2.4919518164298946,2.4741191737574275,2.4843648994437237,2.4757560138740557,2.5174705277589022,2.5694576436592413,2.5283483569104708,2.6101246206649504,2.6311701359204283,2.543042990768482
4.436192583951247,4.47141900649674,4.7344750685076304,4.969911163723227,4.789984903869246,4.785971261873845,5.215803461490454,5.81541998226999,5.7914995623744545,5.212910741157711,4.513276154849957,4.071841389913153,4.038302079921,4.146522795002946,4.174527493137168,3.8175198114849374,3.352404145685481,3.2125220301231496,3.329070763295977,3.4299041065303704,3.4572467037310743,3.425744625699693,3.2936322323886436,3.097830749397001,2.854348112173213,2.782700092117519,2.9802128209705825,3.4068884902243104,3.632765244237365,3.7311899647585145,3.995333711811579,4.073744607529027,3.8292321550415394,3.883513214688233,3.964036846719787,4.115581595036395,4.150906182451526,4.042906861606082,4.185141292236161,4.175566462843348,4.055328651633536,3.8024348565431,3.4851334992241525,3.069570383851979,2.728784536163956,2.591481430582587,2.496452842804551,2.311587680001831,2.228747037098485,2.2435790754492206,2.376734811600862,2.333104420542159,2.269276473800994,2.256537867340285,2.3326385773327964,2.4446910683954055,2.465372417846457,2.439167864687778,2.511942826660158,2.5387333821508618,2.4830815824713586,2.5024002640659715,2.5012552474444387,2.415918213964091
3.7513948535766577,3.783643454283096,4.090725437107235,4.372076272919586,4.22245220790848,4.298706868853904,4.839880961598863,5.7914995623744545,6.259511992545778,5.916649257846811,5.161069768021431,4.743660209168255,4.841879257397712,5.0337849965434645,5.064314463216983,4.5955732460001695,3.97874598652935,3.7261181051645997,3.749645939151759,3.799779339933568,3.870786406865477,3.8748765932702494,3.7519880841179227,3.5304023213540865,3.366871397997919,3.4449598783088544,3.7167789481606333,4.148823382857061,4.428894480756294,4.534924769461435,4.760616513664026,4.709457237534865,4.4290360304421945,4.4902267252618895,4.530455102953375,4.79925966889507,4.895705918757456,4.814358035623696,5.060464188061814,5.02564906908502,4.835906855154322,4.441565610881127,4.04934978491094,3.472893915799761,3.085553683610526,2.9493676790858423,2.7734509956232776,2.5196737201388997,2.4161091159062793,2.3990635162564464,2.5272343909088293,2.427032223144774,2.3387662425233517,2.312217474942601,2.400217040559193,2.611542187101231,2.6360613240963624,2.59196897721521,2.686753520188547,2.685143569680179,2.6426755753632905,2.6329315788411067,2.58854979098915,2.5037239206785906
3.299290106294912,3.304335646071104,3.5220872107383197,3.73042415914868,3.6791079545383494,3.8545279955857445,4.34880997155963,5.212910741157711,5.916649257846811,6.179843884304803,5.819990569359991,5.424501215299953,5.38804934848241,5.472495059768546,5.5218590375949255,5.078830166498744,4.430853217091373,4.091310380186902,3.955696821872088,3.9023423235848047,3.9699469303491974,4.001473059967446,3.972542741171773,3.753388255667942,3.6135083523630214,3.893667018165494,4.303204637818846,4.641859640471601,4.86948871528061,5.05607546197247,5.2151284078478355,5.002329199114468,4.724930305035657,4.767097142134366,4.793518166486918,5.052789028240693,5.199497275205467,5.189946752870316,5.493929856961365,5.541038943065219,5.29267691396268,4.810680994927409,4.359066988372393,3.7257725366363488,3.3777937953211175,3.266449208648705,3.0285375386359203,2.7808375577276325,2.653285017436753,2.6186645570012668,2.724106892463367,2.5870847845463127,2.489741054679223,2.4492580841658733,2.535144761397417,2.837529328630427,2.840055911544224,2.791424678187817,2.8865757252371065,2.8649040505054755,2.845712685714958,2.8151480024143845,2.7105396806767046,2.6445127596071627
3.3157821298826375,3.289090490776991,3.334299595735716,3.3157212660869915,3.2406059531106237,3.4583306423826192,3.8800674930595633,4.513276154849957,5.161069768021431,5.819990569359991,6.247999318996373,6.1896423607040765,5.964108938186928,5.743627713538573,5.671466135503682,5.32910710709271,4.747714148825664,4.366804152666904,4.138360668459014,4.037044968682372,4.035767730061263,4.0793559766908825,4.20987342265268,4.15643518858638,3.9815394515192675,4.219420453482043,4.7318939092083525,5.166879099739138,5.322601442697777,5.480961775942142,5.503782891588593,5.2238560200791255,4.871923164113367,4.918604863319394,5.064884138622921,5.215065933310725,5.562787402038223,5.676086844100171,5.875095856682809,6.056095789654181,5.767659005334428,5.300660331491244,4.666197095302175,3.9972707943032995,3.7112459673768927,3.594670326672668,3.2929053660284833,3.074086777348261,2.89544459248842,2.834800632728894,2.9088227477033786,2.738697835845223,2.6704471526001803,2.631106553121038,2.70043895934718,3.1075527516912818,3.1075749521706144,3.0395597047610745,3.1316765240561995,3.1248157040158597,3.078043215990831,2.971437817606407,2.845765419118828,2.7866646351995965
3.7779323114594376,3.710367635843386,3.5636120176947026,3.2518739031343307,2.9524940436066003,3.1022775180033433,3.4675202070261544,4.071841389913153,4.743660209168255,5.424501215299953,6.1896423607040765,6.907831601720467,7.085680372044714,6.665120843588183,6.0532602333412395,5.556367376857977,5.102249399611012,4.781242983509301,4.62061763210349,4.513855853271933,4.43872885313369,4.43726557359266,4.609575581040825,4.833876862595865,4.84274118640641,4.824340991253578,5.1579027947484155,5.904826158661935,6.2608249142594525,6.204394152923199,5.929176458621806,5.71886722455832,5.3595348774232,5.290383093205609,5.613711260639425,5.743321531096757,6.325039542126594,6.664101307505705,6.6801802356292805,6.918946957512305,6.598974133412129,6.082101793722412,5.21733849980629,4.392147156974778,4.1151619010729945,3.901598893098961,3.5160569664557664,3.2757776846895106,3.040137500482716,2.920130579707851,2.9621195852775957,2.75864556547104,2.70155963636037,2.66451215176565,2.7099616718718287,3.2448356885886227,3.2974647265177635,3.1657528491076956,3.296927216909171,3.3263729379499485,3.2355315437737873,3.0538758379536306,2.912695697545095,2.8388342813545697
3.7502262706604985,3.6669426001478507,3.5119643927734776,3.175249736368542,2.732091205439093,2.820109501663618,3.244157328932135,4.038302079921,4.841879257397712,5.38804934848241,5.964108938186928,7.085680372044714,7.913157503087443,7.712155574601741,6.773489425477882,5.986541849637804,5.514052011224049,5.221322098338429,5.179945943454003,5.102264933970537,4.993229577482404,4.916778054422632,5.031867413070143,5.377767422049242,5.573143146093659,5.4347644659781755,5.550757188511588,6.4398485887756385,7.037349237514449,6.829032696323135,6.397458074113774,6.212116415344929,5.882829531277369,5.736001561152563,6.072142719420002,6.278926340775569,6.896234452164512,7.3542663336367164,7.390602749821538,7.541617562151582,7.239906343996062,6.624315161139384,5.678857356874483,4.704298502886466,4.404643453454225,4.112735104428651,3.6646934287257804,3.343964737883091,3.0945657931763955,2.920450621128949,2.9446022084438095,2.7056399071286332,2.617924684592759,2.5805457884903897,2.6250874890180733,3.2336698148597596,3.311816058881108,3.128660902904029,3.2875502696856906,3.3328349517307347,3.22479842249177,3.0269667834866785,2.879768645735569,2.7973337442021347
3.178066562357058,3.1167240243145846,3.088870603985584,2.9361153362661416,2.545407517789832,2.620325525412887,3.159472394377816,4.146522795002946,5.0337849965434645,5.472495059768546,5.743627713538573,6.665120843588183,7.712155574601741,8.011500351478892,7.363182203105466,6.459690152898648,5.838993327811247,5.505658117852881,5.502810215989879,5.433693632204105,5.304119907631162,5.1748999084937015,5.211452762102739,5.4479278474209965,5.671201204709801,5.619951280714143,5.6637470792300775,6.399963566759878,7.046105438504422,6.864362851979163,6.487833104980289,6.233894546275236,5.908145780702966,5.792136926909614,6.006851094786527,6.3028169479187826,6.766622903977446,7.179492780133292,7.401418925631418,7.404519030847109,7.150232310613356,6.5159212541721985,5.701547341397991,4.750074302148431,4.468164253197176,4.198819387250479,3.7393949444633217,3.357722473259562,3.11179355382625,2.9265761217469635,2.9558597453247764,2.691387863738298,2.5600697445320733,2.5075976525401953,2.58268285570103,3.1633556398715275,3.211627821984264,3.016949110201919,3.156678113227687,3.1853820350380144,3.0961506439708226,2.9471668677723417,2.8237772088902706,2.7366792576780328
2.4957085350268042,2.4736132836744718,2.6061664554388777,2.6707064006253987,2.428081178701837,2.527857377314047,3.1223517677099784,4.174527493137168,5.064314463216983,5.5218590375949255,5.671466135503682,6.0532602333412395,6.773489425477882,7.363182203105466,7.481153104000884,6.868575105136141,6.113616418588644,5.668298613690326,5.565485897711063,5.471827902209922,5.368479647543059,5.268819713977306,5.271301354394108,5.244397661003351,5.284450926651247,5.473086172776266,5.673897068830032,6.058554277392301,6.467014998787811,6.439087869314057,6.27501050498821,5.911205407626023,5.545053164224387,5.5432510705661375,5.627608307079076,5.949761529392302,6.27492978657813,6.541287061609391,6.942483923682797,6.904195809096571,6.655693326207509,6.080600261356345,5.4273015809844,4.65187383603443,4.41829890019319,4.2243874758425,3.780939597773221,3.375234709595828,3.1612916751907045,2.994685004984016,3.0275651094076603,2.7618321981228102,2.6068713994014256,2.5623682856473002,2.677523959359721,3.151058683483968,3.1434289392124706,2.974105340347308,3.04173871443206,3.0452828519401423,2.9791564897714653,2.8743872602560963,2.77662190156544,2.709024004416658
2.5522496430462565,2.5236752427487312,2.630233900339237,2.677464797174199,2.4673015826187883,2.496991821454381,2.9608047580331065,3.8175198114849374,4.5955732460001695,5.078830166498744,5.32910710709271,5.556367376857977,5.986541849637804,6.459690152898648,6.868575105136141,6.787990339333546,6.254725325076252,5.784968981556155,5.554568326770974,5.434379801705691,5.374298093856817,5.28566949897528,5.215170484541284,5.113787332868618,4.988876302940431,5.152661807540562,5.431918527840972,5.664588908650834,5.823578728838869,5.844736222309778,5.750605264769556,5.384016497777312,5.021428395178942,5.025954769979849,5.123858205328325,5.377911713521896,5.686450835247224,5.9186398703686764,6.28270721944,6.3287389824469225,6.07762919304933,5.606496907773648,5.018197091987216,4.467291766335631,4.363621223866043,4.224002079201361,3.799460881909583,3.409522340058237,3.244553735892774,3.1038529754989783,3.1085579565077177,2.864398551232314,2.719724393678776,2.6905130843005596,2.8179113673868414,3.186370905521204,3.1506066753533273,2.9853259882362972,2.9979041380226064,2.991872863149875,2.9465621826730937,2.8801766108644333,2.798522199890114,2.728881267107574
3.085800649877706,3.030384390549258,2.9914146609944043,2.8572754934667004,2.5604323348471176,2.464031179979049,2.7485135367221734,3.352404145685481,3.97874598652935,4.430853217091373,4.747714148825664,5.102249399611012,5.514052011224049,5.838993327811247,6.113616418588644,6.254725325076252,6.161574277747171,5.8832985686220685,5.634726404939661,5.4749836695765035,5.422786172791191,5.3144522311314315,5.163151947147761,5.041147835018007,4.926850019601162,4.979878679147073,5.118539449397914,5.286731371883266,5.378972248130711,5.350673452413493,5.175101087336696,4.792425819945284,4.535406295051944,4.4829096563957,4.628185595922132,4.845232238621788,5.144573452335568,5.424853256665917,5.684861835704604,5.781973090894331,5.595181724286961,5.214974716412795,4.670375963613579,4.280487827833758,4.316139224298461,4.187805055772932,3.800599068295149,3.448803359717617,3.28498165217873,3.158161354615481,3.1368223156046398,2.926659996239442,2.7826131651108272,2.7601214039639057,2.8990662127862605,3.161968428948165,3.1010047788938535,2.9310151605521115,2.927987805467041,2.915097340367064,2.89091186157467,2.8856267915430216,2.8076685770162686,2.718110588947288
3.2932898955967236,3.2464674835444147,3.166696289626528,2.9425757510978383,2.573007056211388,2.450968083376179,2.694997590299412,3.2125220301231496,3.7261181051645997,4.091310380186902,4.366804152666904,4.781242983509301,5.221322098338429,5.505658117852881,5.668298613690326,5.784968981556155,5.8832985686220685,5.923532543360183,5.870170297295346,5.704912363408465,5.589868336880847,5.437881166520872,5.264349033289941,5.153165140288028,5.030396585576259,4.944017596108186,4.943493325297966,5.170481681073318,5.242401309805661,5.077603709796381,4.830091135372421,4.488707492907419,4.239857426225917,4.188665018463123,4.401056580261383,4.570815211191413,4.91181528705674,5.176552228039176,5.3558552833003485,5.502252897715109,5.327603097429563,5.008042506178427,4.465197182449046,4.146867240597696,4.239048437098696,4.1092467277583955,3.7440669829289903,3.4130775255945243,3.2309276976289807,3.103330897659813,3.0857280343096423,2.8938771583716107,2.7302420287793114,2.7108299245858434,2.8703750217654576,3.0643920815714147,2.97734360128384,2.7978217265318976,2.771785437263106,2.75145503691214,2.725070863317044,2.748032982407927,2.693244566844507,2.610313584367868
3.5920995473661725,3.553155881678994,3.481718632995561,3.211589884224521,2.7010667601471714,2.5330177707376325,2.8067532939498774,3.329070763295977,3.749645939151759,3.955696821872088,4.138360668459014,4.62061763210349,5.179945943454003,5.502810215989879,5.565485897711063,5.554568326770974,5.634726404939661,5.870170297295346,6.263565688038126,6.328061525088688,6.124646380258836,5.84612384454514,5.643766600163407,5.611272376784893,5.46336614084417,5.17935721097352,4.992736346656681,5.256886440168903,5.446800254970341,5.119642501322802,4.726901612942308,4.478361121287386,4.228232181843053,4.119561281720349,4.352030258178838,4.534663864936308,4.889885349681536,5.207892882377134,5.328338411708212,5.485779266048051,5.320894921390947,4.983920144233696,4.464387096634963,4.136317153526851,4.266931323920096,4.078468016651645,3.70843526399029,3.377336298413607,3.210654417380009,3.067047372358444,3.056637132861952,2.8679019297716146,2.6701444436423514,2.665156952252109,2.804405473418771,2.982248516556694,2.896017185309533,2.661287680568909,2.6113562019399525,2.6039918156108173,2.553487357419864,2.5968203963293117,2.564875962699956,2.500098904115778
3.7970810933434285,3.7519534655911664,3.683185337975997,3.4047330987016124,2.82947511759107,2.617478261618117,2.8997297007261884,3.4299041065303704,3.799779339933568,3.9023423235848047,4.037044968682372,4.513855853271933,5.102264933970537,5.433693632204105,5.471827902209922,5.434379801705691,5.4749836695765035,5.704912363408465,6.328061525088688,6.738003789704484,6.639532473452594,6.305555527462611,6.0533784444945455,6.0567323869234455,5.864025072142536,5.453048668965531,5.1625881458875105,5.326361788318439,5.516955942781791,5.178219202187139,4.712194401884844,4.465144003162949,4.235543651356569,4.103234505929596,4.288669348537919,4.561355761549816,4.878545300330887,5.233542816719408,5.3656108963150775,5.488938386530941,5.356083737700954,4.9801511184488465,4.505657144652093,4.1617356392314,4.318703822036021,4.082246799890429,3.7088071159638245,3.3850858388957956,3.2584454433575756,3.0945285247956926,3.0827591349201566,2.8877485407902994,2.679050699832398,2.6842131506883593,2.7817011618098295,2.957576870562188,2.887243100382233,2.6122847611555438,2.5478209838437316,2.5402314944773057,2.461077387263071,2.5111343642251684,2.4923353723290744,2.438728884508976
3.690616205471736,3.6400806947933577,3.589648674948903,3.3660490314741964,2.838428469922455,2.615020641188898,2.887052703970152,3.4572467037310743,3.870786406865477,3.9699469303491974,4.035767730061263,4.43872885313369,4.993229577482404,5.304119907631162,5.368479647543059,5.374298093856817,5.422786172791191,5.589868336880847,6.124646380258836,6.639532473452594,6.854877773668933,6.702617951815881,6.428498750119347,6.344219063813635,6.137443772792463,5.763874070849753,5.473164527623522,5.479835621426263,5.506877217319178,5.196788620136088,4.789451143242742,4.442552700064165,4.224903676304905,4.123217428103681,4.276657387727723,4.634418979621108,4.946259492592481,5.2541459468357425,5.45103521367137,5.549203248467655,5.4234744435298134,5.029080114945978,4.564416141021439,4.205485179437187,4.329367870719412,4.097102076507425,3.734874495446874,3.4102257681747603,3.307691622762729,3.1349850589163553,3.1131463128161987,2.913142420089548,2.7159283238279883,2.711187254049759,2.789411873419375,2.9696352029627855,2.900564499952214,2.633756169562239,2.5627154575948077,2.5362845584285756,2.4329220210868283,2.4887576783140672,2.459393865630457,2.4104184456023128
3.3814687047432503,3.3384745030412692,3.334712576585876,3.1932290584212053,2.7545839814428326,2.560556668524517,2.826194271498476,3.425744625699693,3.8748765932702494,4.001473059967446,4.0793559766908825,4.43726557359266,4.916778054422632,5.1748999084937015,5.268819713977306,5.28566949897528,5.3144522311314315,5.437881166520872,5.84612384454514,6.305555527462611,6.702617951815881,7.001400929045208,6.878174646383391,6.603506398826299,6.379336606303924,6.143982072112184,5.8859643804750945,5.796337130105633,5.626901085816888,5.298652674497997,4.935085875658597,4.487201068131228,4.248790197361407,4.1933388678645995,4.376051634189572,4.7554840424517035,5.123257680751679,5.36955347622388,5.585895129387401,5.749024140824864,5.571856725493429,5.176577522361409,4.669839319128678,4.263300606773456,4.31666485350541,4.10699974169977,3.777419917691688,3.4773707633503004,3.3659925636777426,3.1791071937028157,3.144749451746131,2.9446570409206205,2.754696603043392,2.733579002177364,2.8143220237574558,3.0259487446378897,2.9552644779087114,2.7301914318576164,2.6486085199638634,2.616324597501776,2.459356185846214,2.484194576703766,2.444092171332304,2.4134747051689427
3.0624614770757543,3.0260398436435234,3.0268634807593706,2.8844706615953277,2.5149220732423228,2.443328938594584,2.7208491351750865,3.2936322323886436,3.7519880841179227,3.972542741171773,4.20987342265268,4.609575581040825,5.031867413070143,5.211452762102739,5.271301354394108,5.215170484541284,5.163151947147761,5.264349033289941,5.643766600163407,6.0533784444945455,6.428498750119347,6.878174646383391,7.121941946696813,6.982027247412841,6.718008687923934,6.483928702044745,6.283979259503128,6.2364153153297694,6.021280121881041,5.5927691081629,5.200720200471652,4.76588222855744,4.427092183329906,4.415686693308003,4.655408108490069,4.9742014125432945,5.427368169298193,5.67210684069189,5.900482725569298,6.104557636781383,5.902025416429332,5.509068313360655,4.929587886630154,4.455640988821177,4.441840842453691,4.249341456021508,3.928080463251981,3.656283131307102,3.5122713183085,3.295597739357916,3.2564302549858337,3.043319108346004,2.839574770264452,2.8020408587088528,2.904267190340725,3.185221271120947,3.1013865306490582,2.870282606987411,2.8107684270171016,2.78288966864109,2.5760666678092266,2.545177174233333,2.5007781033683996,2.5035384553754563
3.112877742695152,3.0570382342547013,2.9732887216302473,2.723048456398862,2.3155519553245787,2.302360249690105,2.5846641692095895,3.097830749397001,3.5304023213540865,3.753388255667942,4.15643518858638,4.833876862595865,5.377767422049242,5.4479278474209965,5.244397661003351,5.113787332868618,5.041147835018007,5.153165140288028,5.611272376784893,6.0567323869234455,6.344219063813635,6.603506398826299,6.982027247412841,7.523681855523863,7.428805413070276,6.849512448828391,6.518375320100708,6.684130731041369,6.581804320210823,5.959236831820354,5.351906604438244,5.05629778843939,4.613398277705799,4.4952954958447116,4.887822070381929,5.128466534608625,5.725527064885414,6.12405170169924,6.242512073015313,6.4926580235058875,6.251974527799259,5.835587424535208,5.156774457841419,4.64880529244851,4.62099809006742,4.410744591815291,4.088240344432357,3.832506528160588,3.6720202511969346,3.423482032177852,3.371663120186975,3.1366528945754544,2.945888238544124,2.9083116369418316,3.0006053143586247,3.356455961774384,3.2948441880745403,2.999091780499464,2.9799631988898057,2.9662719564554334,2.719642767376271,2.659017222876249,2.6527174101899718,2.6589225677814734
2.941203560048362,2.891129118711155,2.7754799968872077,2.4770095175063904,2.0455141981896614,2.0494180285301593,2.309536825220786,2.854348112173213,3.366871397997919,3.6135083523630214,3.9815394515192675,4.84274118640641,5.573143146093659,5.671201204709801,5.284450926651247,4.988876302940431,4.926850019601162,5.030396585576259,5.46336614084417,5.864025072142536,6.137443772792463,6.379336606303924,6.718008687923934,7.428805413070276,7.997477375470655,7.625802223429502,7.029115034769869,7.037311053893825,7.037463986778651,6.418705702500327,5.573236116722447,5.172531163200979,4.910930093477716,4.686586697370808,5.04161103068776,5.427327391118061,6.042014213712499,6.5978452733998925,6.77884362850802,6.899266145448182,6.637634312724975,6.088000053219254,5.434670563561122,4.825639594910421,4.7841624049493445,4.512572232819718,4.205730476324248,3.9136653360765266,3.713833203175783,3.433457757063901,3.3662621809608795,3.1308033997737046,2.961562298011674,2.9465910645266575,3.0364074830993197,3.431440806693809,3.4091886648535223,3.058873383755692,3.072709705179975,3.0782316144412225,2.845485011874926,2.740171315368944,2.7417474850596384,2.7517215460704954
2.46835157352119,2.4322044426817375,2.370799540209727,2.1685229794160343,1.8221450998635027,1.8522874620328944,2.1227296960392033,2.782700092117519,3.4449598783088544,3.893667018165494,4.219420453482043,4.824340991253578,5.4347644659781755,5.619951280714143,5.473086172776266,5.152661807540562,4.979878679147073,4.944017596108186,5.17935721097352,5.453048668965531,5.763874070849753,6.143982072112184,6.483928702044745,6.849512448828391,7.625802223429502,8.108716021649672,7.767085074223505,7.3751994125512645,7.205531917769549,6.850199959415278,6.022616497217575,5.28320315801678,5.13834262756738,4.934674920332909,5.115990432808128,5.712938684199976,6.2172981258573685,6.757832215714731,7.142942614607189,7.175921132052954,6.87040179602015,6.169955445802964,5.573613262782376,4.847063393183316,4.769500562636557,4.494865326151001,4.186652978359937,3.8718342899748697,3.677852180653921,3.396221980152484,3.3215187672411948,3.098880812702418,2.955580324544047,2.95692271041141,3.029634457097472,3.4625917414516088,3.4381134911164066,3.1104757008507127,3.1416730616298785,3.1326195848571072,2.938599557854126,2.7988436414703575,2.733177809079651,2.7738734954144446
2.2577392455692067,2.213499462664015,2.1657005048160904,2.0267813849723613,1.771822224539554,1.8765645830567559,2.229406572303736,2.9802128209705825,3.7167789481606333,4.303204637818846,4.7318939092083525,5.1579027947484155,5.550757188511588,5.6637470792300775,5.673897068830032,5.431918527840972,5.118539449397914,4.943493325297966,4.992736346656681,5.1625881458875105,5.473164527623522,5.8859643804750945,6.283979259503128,6.518375320100708,7.029115034769869,7.767085074223505,8.23068339626744,8.092445367550482,7.706535781586819,7.371898840616306,6.718769542804536,5.815626429972617,5.385951635947271,5.329636432573551,5.48857095933792,6.061018752276811,6.676472252268525,7.043088490702348,7.464400449838455,7.572098215581511,7.16739691249268,6.449268723677455,5.692659658451279,4.814149858500713,4.6250240787824,4.408774198548752,4.077411685521067,3.7762296733387912,3.581010930142131,3.3066992416019567,3.2582724670400367,3.0101933022254665,2.904839496030095,2.898310366025499,2.96310714034424,3.4809580211412334,3.4523971789999686,3.215927578369924,3.2832185194972725,3.231919178764444,2.993219607559222,2.789277320591653,2.659643866747382,2.7310055753077322
2.448864515292443,2.4104250190519894,2.3911120127892387,2.2379530758038144,1.9350566974497783,2.1159906269725863,2.5716840299223174,3.4068884902243104,4.148823382857061,4.641859640471601,5.166879099739138,5.904826158661935,6.4398485887756385,6.399963566759878,6.058554277392301,5.664588908650834,5.286731371883266,5.170481681073318,5.256886440168903,5.326361788318439,5.479835621426263,5.796337130105633,6.2364153153297694,6.684130731041369,7.037311053893825,7.3751994125512645,8.092445367550482,9.262598993091782,9.236954292121712,8.471927581648927,7.743479415933545,7.063937385796273,6.165244117350181,6.037788174015999,6.564529467474301,6.877263145407875,7.778515436171372,8.064303219941165,8.265615401027619,8.628630389473333,8.089635562926404,7.397041221465299,6.263559262293867,5.120596031847702,4.7801735572212385,4.598901315125661,4.201708196776914,3.9027606099234666,3.6726458570504947,3.3987450677841884,3.3902056932814024,3.1092336249131587,3.0370644978429793,2.9765350817386675,3.019851996331357,3.697969110427677,3.715295397933729,3.5530582267521638,3.6442943080038934,3.551797875173448,3.2523087021931927,2.9880939236693775,2.8257178469694186,2.930924236876018
2.678677655541747,2.6409089447902154,2.628971232067621,2.458647524222085,2.1421532453939465,2.361521007989521,2.805173450629508,3.632765244237365,4.428894480756294,4.86948871528061,5.322601442697777,6.2608249142594525,7.037349237514449,7.046105438504422,6.467014998787811,5.823578728838869,5.378972248130711,5.242401309805661,5.446800254970341,5.516955942781791,5.506877217319178,5.626901085816888,6.021280121881041,6.581804320210823,7.037463986778651,7.205531917769549,7.706535781586819,9.236954292121712,10.280537047491213,9.653279451141941,8.65768296470293,8.040008817343692,7.100642316729432,6.777315332316051,7.282542316906148,7.518056852754278,8.304592267883708,8.74439211040796,8.925680301595015,9.190990638325086,8.753570958123841,7.967685425267791,6.860252538111552,5.614902364229823,5.241569152024539,4.9988141174528735,4.518344302708367,4.210183728021996,3.9529808650792178,3.6804445787592153,3.6798151690486915,3.405867655965823,3.2993122769933025,3.2008151396700075,3.224970958934528,4.021870036238954,4.059572970530455,3.841592464125988,3.9572309154172833,3.8770145028322296,3.6242635698394485,3.3952124456210653,3.252577337705861,3.366790096510812
2.7262902431148173,2.6895321380755317,2.6784418232454312,2.5548497801919,2.3789126178134605,2.6198949365591107,2.9812778040751633,3.7311899647585145,4.534924769461435,5.05607546197247,5.480961775942142,6.204394152923199,6.829032696323135,6.864362851979163,6.439087869314057,5.844736222309778,5.350673452413493,5.077603709796381,5.119642501322802,5.178219202187139,5.196788620136088,5.298652674497997,5.5927691081629,5.959236831820354,6.418705702500327,6.850199959415278,7.371898840616306,8.471927581648927,9.653279451141941,10.048931464350225,9.227298230759066,8.371621999065264,7.707563313352786,7.285571200132495,7.454137248678778,7.8061862388236785,8.227077495348908,8.764212626164829,9.05538010076,9.171437027970821,8.761278279570003,7.905700915606215,6.9897776526368025,5.808575498850133,5.4185668627395716,5.165286724552169,4.681626001264532,4.38449664349806,4.161562220357639,3.920569443482982,3.871566391723742,3.621815965893122,3.521737310646054,3.4088182791324724,3.4421664002661685,4.230298201899862,4.276934411609384,4.079119843781649,4.161841359923865,4.0693361760766935,3.953739989601294,3.737003291791995,3.6064735232337792,3.7222379872988642
2.479469502979247,2.4696768546637484,2.5481445762059,2.550496294034337,2.47663469468056,2.7754591837186338,3.1934874437708003,3.995333711811579,4.760616513664026,5.2151284078478355,5.503782891588593,5.929176458621806,6.397458074113774,6.487833104980289,6.27501050498821,5.750605264769556,5.175101087336696,4.830091135372421,4.726901612942308,4.712194401884844,4.789451143242742,4.935085875658597,5.200720200471652,5.351906604438244,5.573236116722447,6.022616497217575,6.718769542804536,7.743479415933545,8.65768296470293,9.227298230759066,9.39848657631642,8.792347885390583,8.057532596056348,7.815310667964943,7.750908173224048,7.893326359508623,8.204963431070125,8.385454046191802,8.835253921446892,8.883943675421758,8.533878191270365,7.767845089201033,6.798949437668137,5.656216629484478,5.1337695798085985,4.8936714136546975,4.463359642435954,4.154838535831423,3.9518983436967776,3.7329358866826916,3.657222279355555,3.4407889007352317,3.34149996502838,3.2584135670757557,3.3754425116793847,4.15624272143738,4.185939762120253,4.079134627840666,4.130846749228856,4.001402748713083,3.909515198687807,3.6746989358290323,3.5162369898731116,3.6239979089566714
2.534303982090056,2.5343763274311275,2.6349156461042833,2.6581551342333736,2.580775271358591,2.9245161080655064,3.346479030295178,4.073744607529027,4.709457237534865,5.002329199114468,5.2238560200791255,5.71886722455832,6.212116415344929,6.233894546275236,5.911205407626023,5.384016497777312,4.792425819945284,4.488707492907419,4.478361121287386,4.465144003162949,4.442552700064165,4.487201068131228,4.76588222855744,5.05629778843939,5.172531163200979,5.28320315801678,5.815626429972617,7.063937385796273,8.040008817343692,8.371621999065264,8.792347885390583,9.1937844349734,8.563017151150051,8.184717190625873,8.207841552540867,8.031990078561282,8.303503993184055,8.359826266767117,8.61456022962982,8.771619438771056,8.407811523321616,7.775513591070933,6.772115310209067,5.606023552284159,4.999600444701225,4.721455020929878,4.3310275157324485,3.9818132585364028,3.8115389804338586,3.610470410755296,3.521102485086137,3.337911563373291,3.2637251507160165,3.212265846129343,3.3355245263294555,4.129297364350284,4.220321274839874,4.1479518807918,4.158131766378645,4.04388210199881,3.9315990566640426,3.6884781241874984,3.520143006297431,3.5935450350153353
2.7504312368804023,2.742482661476723,2.8141274181250457,2.8025919809460844,2.7178975966656482,2.9842364678150273,3.256835590483117,3.8292321550415394,4.4290360304421945,4.724930305035657,4.871923164113367,5.3595348774232,5.882829531277369,5.908145780702966,5.545053164224387,5.021428395178942,4.535406295051944,4.239857426225917,4.228232181843053,4.235543651356569,4.224903676304905,4.248790197361407,4.427092183329906,4.613398277705799,4.910930093477716,5.13834262756738,5.385951635947271,6.165244117350181,7.100642316729432,7.707563313352786,8.057532596056348,8.563017151150051,8.780285050698641,8.3782780485734,8.152284918642543,8.047723585082771,7.990824155341287,8.17560984857289,8.393305248918063,8.439059336347182,8.153890944615483,7.519086780559041,6.750877961609902,5.642052804288013,5.094618730978867,4.746063824884987,4.37795480266896,3.984036426229429,3.8541202112604935,3.678816958000152,3.5610879422471102,3.4216582663762787,3.3467250560363637,3.3104428952658145,3.4239338092136795,4.151668056288042,4.274977859901484,4.189470616083663,4.190009964988721,4.097207294949404,4.075554585189102,3.8741438937458406,3.6927282063911178,3.714235872082769
2.368070562696151,2.390587970427118,2.5502348602937146,2.610322301649199,2.5704616006798364,2.883067552034201,3.2232211095817402,3.883513214688233,4.4902267252618895,4.767097142134366,4.918604863319394,5.290383093205609,5.736001561152563,5.792136926909614,5.5432510705661375,5.025954769979849,4.4829096563957,4.188665018463123,4.119561281720349,4.103234505929596,4.123217428103681,4.1933388678645995,4.415686693308003,4.4952954958447116,4.686586697370808,4.934674920332909,5.329636432573551,6.037788174015999,6.777315332316051,7.285571200132495,7.815310667964943,8.184717190625873,8.3782780485734,8.676029587785248,8.450540943372324,8.287757891951687,8.200474995434403,8.093964291100994,8.393345416576372,8.332594118353809,8.160619438375061,7.574707060689617,6.753743711366736,5.651068230680681,5.043305536370936,4.682489915154531,4.319093785466004,3.9103895293356636,3.7639109291273205,3.5831484391281085,3.489594413589872,3.3523093763610916,3.2511967634525316,3.1999815610350004,3.3696912608243674,4.095847964781507,4.196811334609641,4.114004711269439,4.118432417799553,4.012515791598482,3.9536793290736556,3.7342207386512736,3.5712904676194865,3.6020321185955084
