0,1,2,3,4,5,6,7,8,9,10,11,12,13,14,15,16,17,18,19,20,21,22,23,24,25,26,27,28,29,30,31,32,33,34,35,36,37,38,39,40,41,42,43,44,45,46,47,48,49,50,51,52,53,54,55,56,57,58,59,60,61,62,63
12.937630273308471,12.933989407987236,12.899539690173711,12.788185148205843,12.553238449295765,12.266392506824282,12.010765078798109,11.723567629220438,11.417071552325227,11.181282539791262,11.120280293151964,11.235988349778784,11.441187463833286,11.648287330345802,11.830567266325904,12.015655577727404,12.200148340451065,12.352498908960422,12.476000162459131,12.592796332958153,12.686202974332561,12.688266612647842,12.568536235130583,12.390252118650222,12.18678518861841,12.017444733206263,12.044942705476453,12.332628128111319,12.704427830569823,12.9259868966623,12.915323119325846,12.763046025531546,12.665407113394794,12.828087267771645,13.163568148622288,13.606147446973985,13.913225865919873,14.070043697806717,14.164429295915426,14.21995054057832,14.449835003935618,14.838663789557188,14.490640864644742,13.449981763164804,12.338419016712166,11.862165692175296,12.068068088787307,12.203713181272127,11.698085454490178,11.03553443432177,10.62351773406888,10.667169998735785,11.750246412470368,12.587757038537358,12.575106531520927,12.996372625753606,13.369989947509556,12.936331863547139,14.167730773430453,13.765463731809547,12.411181284749029,12.548507271743874,12.616658364790945,11.815241209873275
12.933989407987236,12.932682597170746,12.901406876270178,12.791816373143032,12.552785563124218,12.253904590968677,11.981206137970567,11.674130205076217,11.349489509580001,11.099891019887158,11.030202014313515,11.142834247075786,11.349228814857907,11.55992558509294,11.74648186735479,11.935657318033211,12.123441191906355,12.27753917398374,12.401197510620728,12.517107280264204,12.609514460426482,12.61054200202227,12.489131429142354,12.308917951945157,12.105083105437537,11.937305388589522,11.968373887543011,12.261617744147117,12.638984013415454,12.863592392536825,12.852004228205857,12.697694262009312,12.600174695444666,12.759829942871352,13.09378524567362,13.536833154124396,13.841161017338573,13.993367338376443,14.084752246277855,14.14058431924799,14.372101163574504,14.76350012202922,14.418933130789135,13.382020331991873,12.269088212840302,11.791172166388636,12.00653869174852,12.147934137881354,11.64415626734654,10.981987907838048,10.570897173360988,10.620883621656937,11.705902772590784,12.542431902102868,12.519410833604114,12.92482208420582,13.307178387412966,12.890008003363516,14.11351260999561,13.707395409693186,12.3668113190703,12.501768310802653,12.564809196245893,11.770814602248983
12.899539690173711,12.901406876270178,12.876018331168389,12.772453630723671,12.533133618808597,12.223539713338637,11.932477399852772,11.60243229837968,11.25571341026706,10.988349886811966,10.906764642462099,11.014340784430662,11.221319410730164,11.436315888608316,11.628752118263387,11.82364328555933,12.015696728126672,12.171912353717474,12.295628064505479,12.410402976467958,12.501898518823447,12.501575324469405,12.377347469194147,12.194034660949452,11.988753145858926,11.821852202170572,11.857008605388604,12.157196621313895,12.54091800984302,12.768776783566096,12.756380297810024,12.600508156280126,12.502984331112927,12.658406694686985,12.988780445628592,13.430203724955694,13.730522979957478,13.877359131086493,13.965442142546104,14.023007648861267,14.257640189287772,14.651000744202,14.310038215881594,13.28008055007919,12.167005795206894,11.68623414250992,11.913071237929335,12.062183489842399,11.561262301559578,10.900569523195799,10.490846609736685,10.54908683451793,11.636152600031808,12.469771545440212,12.433925121375701,12.818508340249341,13.211057456574903,12.815585763193,14.026656061244545,13.616292169095638,12.295163625253046,12.427123592388114,12.483558645541128,11.701236023876298
12.788185148205843,12.791816373143032,12.772453630723671,12.682132016278425,12.461136725932324,12.165398927335909,11.879322335535193,11.547921989630492,11.194269673801461,10.914942920598914,10.819155270972447,10.914078201337013,11.11212856434083,11.3226726924217,11.514730923624445,11.71145753092305,11.906161618439036,12.065560252311238,12.192246737043924,12.308974470541855,12.401121015430823,12.39851117938079,12.269120261179117,12.080327442471807,11.869425060187572,11.698701413985209,11.734793505670885,12.039382779101716,12.426868019300422,12.657736709531612,12.647493209079014,12.493375897516989,12.393903855753097,12.544713688948429,12.86856235062445,13.302999080139589,13.601647078840436,13.74929582699392,13.838209839413608,13.899567702252465,14.138191809246983,14.525092147980258,14.18005207398449,13.160378811802527,12.047369945925892,11.554663005173722,11.789885357879163,11.950317134781756,11.454981040453784,10.797426960327481,10.39083050077836,10.463056367222787,11.561525066114271,12.389098922165886,12.343556958103086,12.70855248107962,13.105568667906335,12.733477607315793,13.924060414798259,13.510351377633153,12.211484938412516,12.333318467414257,12.379045243836915,11.613723299582054
12.553238449295765,12.552785563124218,12.533133618808597,12.461136725932324,12.295656829343118,12.078357087063434,11.867580786652224,11.605617111256866,11.30249489476014,11.044392801842593,10.940427274651059,11.007037507469287,11.169173658246685,11.345876691324356,11.512757976746048,11.694231030283275,11.8837223648827,12.047737735339727,12.185381107525753,12.312617605387535,12.407931927835664,12.399891262839859,12.261785012787604,12.064233468838689,11.840395282609315,11.65579136669674,11.682187763493264,11.97868541690182,12.360260594461657,12.594848346186158,12.596435648960744,12.45317256302591,12.349319449064756,12.497458398826774,12.811971511948109,13.233980795677661,13.54227340454413,13.710205341683599,13.813263179594932,13.882066303734717,14.123252472128843,14.479074893201068,14.103189021290756,13.09084076441595,11.979556405105871,11.45548642624735,11.681336495087267,11.856805720615837,11.371716693441034,10.716327211327616,10.318844195986118,10.415496379710868,11.54943382898972,12.36906770360376,12.332443022849947,12.701827702643996,13.082620428593343,12.717108456508779,13.880332562234669,13.477145415805781,12.188665200333288,12.274190983943262,12.300048972252993,11.552753277253164
12.266392506824282,12.253904590968677,12.223539713338637,12.165398927335909,12.078357087063434,11.999955001615804,11.944985631975028,11.841529149713894,11.667960626159338,11.489061686188496,11.408292779530502,11.449921863626788,11.559585652862696,11.676121944597218,11.789969563943123,11.931397012937644,12.097807122169268,12.258027678882808,12.406925539818559,12.549594010149443,12.651824737431117,12.64164090548416,12.50029445252337,12.299838440701773,12.06472338367631,11.862266914501717,11.868995311304698,12.141612569356983,12.502697368377415,12.736252993267636,12.756000951362742,12.629527726217205,12.51854785830213,12.670049370241761,12.976747961559116,13.385399244476444,13.71609148191712,13.922508493065079,14.050949927887013,14.127137864056095,14.369308036568617,14.68058275741796,14.250612635189222,13.222117073116696,12.115636984945791,11.561662767129135,11.744501520626232,11.92036794812632,11.44211728805396,10.78583997063916,10.399341535059007,10.503486136100321,11.67152779330829,12.485996359798166,12.497984288244483,12.936580235294556,13.269274135392106,12.847055037292147,14.005749691650005,13.6366244457621,12.312892555710913,12.357995444986075,12.372301098886107,11.619588985912413
12.010765078798109,11.981206137970567,11.932477399852772,11.879322335535193,11.867580786652224,11.944985631975028,12.086087524758943,12.196904466668208,12.208305117929855,12.15696098434208,12.138224165239649,12.176957506303095,12.238852649046873,12.287038627415766,12.332090748693002,12.414424997989075,12.540568882841193,12.684948812363178,12.838833949072512,12.996761936701665,13.110660393839234,13.107666820353051,12.973618172636563,12.779844884136978,12.541108952759496,12.322556222633231,12.303148693904253,12.540821591374604,12.870253414116936,13.095336146439259,13.131984704286795,13.020827035221314,12.902591408265888,13.064611023573619,13.369674443539692,13.766668714843476,14.122727480191342,14.37361603992007,14.529731748111816,14.60552401425117,14.844718791544738,15.122064238761398,14.644382597133315,13.581770598977375,12.482248755663875,11.920239250032305,12.031069758783845,12.180291020608898,11.700719111484169,11.043867186144396,10.663701039996438,10.74041780268543,11.91484206396005,12.727386668200245,12.821586007017812,13.387355408242817,13.643129878960412,13.09817264855661,14.287472312800716,13.958598519056574,12.544782469215567,12.586454711812868,12.61887626024574,11.828191849850601
11.723567629220438,11.674130205076217,11.60243229837968,11.547921989630492,11.605617111256866,11.841529149713894,12.196904466668208,12.557689988134383,12.797221273852394,12.914686480987925,12.991965676043941,13.048039091981252,13.067152440894189,13.040036681859464,13.00326253926388,13.011188901707758,13.082579666679614,13.199221900044284,13.349183003354476,13.519006019957502,13.647727683097996,13.659435169666196,13.540422042032768,13.35999881501576,13.124080924828572,12.891979431644211,12.840588816118496,13.032234383895684,13.321028938163018,13.533624412557062,13.586105706181474,13.490125218299925,13.3687202111227,13.54469702624148,13.850795712018853,14.234435268444784,14.61515400379976,14.912718874217981,15.096155120853613,15.16481265535258,15.394328284376957,15.644327314724203,15.132595559598702,14.037834764231269,12.954362114720098,12.400187803766304,12.41490078738498,12.515393790543309,12.032057202713858,11.379835679300701,11.004908845264763,11.028630111851657,12.185756313007012,12.994917315850934,13.189615828522554,13.917107595015416,14.07414072864791,13.368068044205344,14.60351245873641,14.315143689119509,12.780663458753764,12.848024135760713,12.925223062393078,12.076478543696561
11.417071552325227,11.349489509580001,11.25571341026706,11.194269673801461,11.30249489476014,11.667960626159338,12.208305117929855,12.797221273852394,13.26195265320109,13.562201592196576,13.756465501396368,13.851003059768432,13.844131714969159,13.752076406022123,13.637776806690367,13.56983898897047,13.579156383536931,13.655675388691751,13.786463648836866,13.957170554913038,14.099294543815937,14.130245260026829,14.033019065065066,13.872635117063233,13.647190228647068,13.407737573472769,13.325543988878666,13.468072311059473,13.716068472850779,13.917769598465593,13.981040451343771,13.896583554123033,13.778449196721049,13.96515470479478,14.267114633755725,14.635575898811098,15.036562528526234,15.373196015501845,15.577347721857272,15.638423848379519,15.8562234945804,16.08761649566018,15.558530059619867,14.441013978242026,13.385437006876241,12.853255175606591,12.763947548412013,12.802898263250281,12.314675775126332,11.671645602383883,11.30455107639604,11.25962349700858,12.374505090559719,13.175952936332706,13.470371990112492,14.363960106691428,14.423354489402003,13.549730839470268,14.832229262468378,14.58547091104668,12.937505391323247,13.044427369689966,13.176507217344405,12.262584911698259
11.181282539791262,11.099891019887158,10.988349886811966,10.914942920598914,11.044392801842593,11.489061686188496,12.15696098434208,12.914686480987925,13.562201592196576,14.032956762399182,14.359488171547914,14.525399386807191,14.531103540011564,14.4083078336714,14.23906907305009,14.103674909463741,14.045301814798393,14.065829148714055,14.157023379805104,14.312685117215622,14.463917043159032,14.52046070891015,14.45707336799161,14.329010786982854,14.125413492266672,13.888736612383124,13.784344944883914,13.88576512537392,14.09905120370409,14.288436391406492,14.353482145109117,14.271516944677403,14.156714712872393,14.349171404964045,14.64253919780661,14.995973376155362,15.406961844566228,15.765920144601184,15.981919164888476,16.039807545521093,16.253263281866072,16.48942007497148,15.96397808503855,14.821264738515291,13.79635962647351,13.306414922094907,13.119376409828694,13.085721676319427,12.586695961340146,11.953301605804736,11.588514823119981,11.451995819063317,12.493274197184462,13.28767862075371,13.678012215041905,14.738134440103115,14.715149512946226,13.666773328682805,15.00509667452367,14.80093007313593,13.052630918394694,13.220179166817259,13.410585381777533,12.423129360405008
11.120280293151964,11.030202014313515,10.906764642462099,10.819155270972447,10.940427274651059,11.408292779530502,12.138224165239649,12.991965676043941,13.756465501396368,14.359488171547914,14.823256132195617,15.10270908110536,15.181336372182509,15.0872638983079,14.907273207871887,14.728599660729751,14.605356468334653,14.556775365555113,14.588042778010546,14.710091528813333,14.861079985313852,14.945987476583266,14.92746884151604,14.845310767970647,14.675183210056042,14.449219501809877,14.329381562916591,14.398794632626227,14.57933943036681,14.744662022293783,14.800080291838245,14.711030189184735,14.595664823405517,14.796573382968429,15.086663740970081,15.426205439117242,15.829894662802914,16.19393825098678,16.420235091086433,16.482879889218605,16.702882781633175,16.976939564499407,16.480806796696374,15.306965658732167,14.304229415268175,13.879220752850557,13.608241889599459,13.487979303121598,12.967806738895689,12.343189616631383,11.964475477708595,11.703460333443319,12.63956160214476,13.436249100874312,13.921625455880298,15.149865722844018,15.060865858468066,13.820828957132605,15.231167736535948,15.069733938309925,13.224764982205757,13.485347330095477,13.736705395349967,12.662123066243007
11.235988349778784,11.142834247075786,11.014340784430662,10.914078201337013,11.007037507469287,11.449921863626788,12.176957506303095,13.048039091981252,13.851003059768432,14.525399386807191,15.10270908110536,15.517920246132741,15.72563488270407,15.728611143327933,15.598747412855234,15.422749240103835,15.258961579537594,15.143825532281289,15.103258887235716,15.172737530175159,15.30524794136094,15.40623710729466,15.429314642469562,15.397242395222724,15.266810653279602,15.057095975183813,14.927419110204646,14.97005598952201,15.114560160460629,15.239212923180771,15.270827740843279,15.167203887009975,15.049093278003971,15.269936648897579,15.57248956759545,15.901365873843282,16.280939444368556,16.636568316403253,16.875932571677442,16.952042162061975,17.184089245325904,17.516437786763483,17.07132540401225,15.875031262729726,14.878828699357742,14.529627849816576,14.200475117484455,13.987011342647031,13.436329284500655,12.818160448016092,12.412108572972777,12.00934280509891,12.82756743049292,13.636548327779927,14.203753809964807,15.57488440423629,15.445762053832516,14.022103324543577,15.501434201363812,15.388474383807479,13.467252935707277,13.827182310149015,14.129201123312578,12.967775441106875
11.441187463833286,11.349228814857907,11.221319410730164,11.11212856434083,11.169173658246685,11.559585652862696,12.238852649046873,13.067152440894189,13.844131714969159,14.531103540011564,15.181336372182509,15.72563488270407,16.093923531048052,16.250571615000222,16.23270984374576,16.116586609363264,15.954559714112195,15.793269404631186,15.68199693481091,15.684571183577571,15.775053957722958,15.865186178054662,15.909439526912443,15.917615425651409,15.822988419468464,15.629831073200313,15.493914761013317,15.50979629668185,15.608577169693307,15.673614661360606,15.667301107213838,15.54780313564881,15.431888627676525,15.687427835267501,16.01885202869305,16.341709626543988,16.689722631531602,17.031021133092274,17.28558925979476,17.38169631055515,17.627078111367123,18.020050989017758,17.632670115205137,16.43092034146525,15.430467193458435,15.145880589282509,14.780837154644475,14.47906545670517,13.893560272224457,13.280911215529816,12.843025103294652,12.304897075516099,13.012843066322919,13.842997639644508,14.476839655941854,15.948026192986415,15.801916084307468,14.224182596819022,15.756528106917234,15.70618958976666,13.739096136208559,14.171090906367255,14.506148269217753,13.273863532322176
11.648287330345802,11.55992558509294,11.436315888608316,11.3226726924217,11.345876691324356,11.676121944597218,12.287038627415766,13.040036681859464,13.752076406022123,14.4083078336714,15.0872638983079,15.728611143327933,16.250571615000222,16.582995716643826,16.71912741672538,16.71465407171363,16.60346513785467,16.4310578250127,16.2671792592499,16.201935570192415,16.233095812753746,16.282691734657334,16.31769835703468,16.343492508059825,16.270143313392317,16.08837679260065,15.947195024521472,15.933406564779277,15.976224973680468,15.969769264473658,15.91915131665828,15.789410759977656,15.685898397444344,15.98619842650991,16.35551417275878,16.679762249645123,17.000964813542723,17.328196184721783,17.59450278327221,17.711905429170514,17.971892617687544,18.416755240480345,18.07616359256556,16.878686658459063,15.87229118127424,15.633235021654302,15.246496972276262,14.871469710318385,14.254130727228144,13.648080170862988,13.181234720196851,12.533901373388936,13.151031772805991,14.010272943575714,14.701088450544782,16.22370808442728,16.07177977822045,14.37887413993797,15.950148466232742,15.9746383344578,13.984614046990973,14.45198857822799,14.805376000072732,13.525986939140878
11.830567266325904,11.74648186735479,11.628752118263387,11.514730923624445,11.512757976746048,11.789969563943123,12.332090748693002,13.00326253926388,13.637776806690367,14.23906907305009,14.907273207871887,15.598747412855234,16.23270984374576,16.71912741672538,17.017256104840552,17.158885374397013,17.145623558938986,17.007172979436668,16.82628229176852,16.71116664298393,16.68047962572636,16.666435931722265,16.657181199471825,16.664777705921715,16.58519199062543,16.401825973945986,16.250910188464882,16.20207551329416,16.184061165977443,16.109162959442852,16.020923333384886,15.895002230081692,15.819087214277767,16.169594772983167,16.57956873400417,16.915552263721683,17.222303231621613,17.5403278779607,17.81317840724635,17.948810077347787,18.22278429587176,18.703304552795235,18.38569381801733,17.196170153462468,16.189724553899573,15.982182947330653,15.58352657975817,15.15636453294293,14.514799914891412,13.916395620870492,13.429051640779152,12.71161004612276,13.26976605590284,14.163326945068155,14.9029590510439,16.43068397360929,16.271938138682643,14.506123321200452,16.107354382892694,16.204257526738687,14.194512572384227,14.668064128115514,15.034948617554152,13.731255463858165
12.015655577727404,11.935657318033211,11.82364328555933,11.71145753092305,11.694231030283275,11.931397012937644,12.414424997989075,13.011188901707758,13.56983898897047,14.103674909463741,14.728599660729751,15.422749240103835,16.116586609363264,16.71465407171363,17.158885374397013,17.465385569665045,17.59568902342164,17.54528985645555,17.397569247432077,17.266456059515992,17.183211842920674,17.087689483843768,16.995116686098086,16.93682223862385,16.808966001500984,16.597313724598756,16.421641252352966,16.328308206552773,16.2491879293962,16.11805116633897,16.006776318969422,15.905067120192145,15.877578978502987,16.284245394769407,16.737180836676718,17.094750217361646,17.401771232823446,17.720200523540313,17.998118769874985,18.147953453882156,18.43457839941031,18.93421383196944,18.614752940397306,17.438311220125655,16.44059393014856,16.24974372054778,15.84095327753867,15.38431739292208,14.728289441362676,14.138953653330466,13.643820233009556,12.902673764395558,13.440987187698013,14.373102946467323,15.156999049075774,16.64776993067518,16.468749827030273,14.672519257923526,16.299165608633682,16.450584515926767,14.405003778812864,14.865842433506531,15.251498300291951,13.941906997979551
12.200148340451065,12.123441191906355,12.015696728126672,11.906161618439036,11.8837223648827,12.097807122169268,12.540568882841193,13.082579666679614,13.579156383536931,14.045301814798393,14.605356468334653,15.258961579537594,15.954559714112195,16.60346513785467,17.145623558938986,17.59568902342164,17.8863753333533,17.969442255563788,17.91177575194834,17.814874331923647,17.708537838967278,17.534862815602516,17.333876631590762,17.16695090205883,16.945825321578532,16.670494834027306,16.45144225917762,16.31365464178638,16.190355304645593,16.029105169842477,15.915140454853233,15.85351209065571,15.88695401429027,16.344905741517117,16.835945033591315,17.21688539306161,17.534336560778605,17.863907199651063,18.147808318438656,18.304872197328397,18.60132392176026,19.10555816553928,18.769986384943458,17.610619158596514,16.62380985985303,16.424436099635415,16.00274649967026,15.541390552452256,14.884428360102275,14.306525343980109,13.81673729974801,13.104987547288477,13.667649819624698,14.63637238604908,15.454074462146576,16.872088806676913,16.658575455544884,14.881538729406577,16.531394295033817,16.699277081865777,14.597924923844714,15.040077178222221,15.453987292809977,14.156204745315103
12.352498908960422,12.27753917398374,12.171912353717474,12.065560252311238,12.047737735339727,12.258027678882808,12.684948812363178,13.199221900044284,13.655675388691751,14.065829148714055,14.556775365555113,15.143825532281289,15.793269404631186,16.4310578250127,17.007172979436668,17.54528985645555,17.969442255563788,18.198795820072213,18.273599966076535,18.263374444542933,18.179449452806875,17.959420908837462,17.65537459246052,17.361001925465573,17.01599473549897,16.64695492104808,16.37083776661508,16.2000848038057,16.06222820889637,15.903871378550921,15.809858497367012,15.794089416970321,15.882058716165188,16.371753748403563,16.88547199903751,17.282964778582954,17.61412751273134,17.96175583395226,18.254829448982886,18.414295836781513,18.718120303505394,19.21521138410815,18.854014615251767,17.708558140882403,16.73509447524957,16.506260013886127,16.06515567274552,15.619687165003755,14.976072832346903,14.408213637410633,13.928234834193669,13.28348105599364,13.904416368236935,14.900667664336712,15.737537058644964,17.07119656789213,16.817000513798863,15.095409707862073,16.769932252889788,16.915252354058723,14.745090531123191,15.177476800694008,15.624211039264527,14.34847320511507
12.476000162459131,12.401197510620728,12.295628064505479,12.192246737043924,12.185381107525753,12.406925539818559,12.838833949072512,13.349183003354476,13.786463648836866,14.157023379805104,14.588042778010546,15.103258887235716,15.68199693481091,16.2671792592499,16.82628229176852,17.397569247432077,17.91177575194834,18.273599966076535,18.500938702976345,18.62053992682764,18.608389393057024,18.389849552071638,18.01224315333913,17.59475142076523,17.11034976212573,16.62354545729491,16.275660086522993,16.078870541358743,15.947905166337108,15.815711264344374,15.7586469254524,15.78735766187428,15.915787578571294,16.417492592852195,16.93783927597733,17.344968955855744,17.690782174580036,18.058069293552474,18.362954903229,18.524852251764166,18.84103143334567,19.328184329069753,18.92940989165112,17.78107532633006,16.830186343057008,16.569585093355865,16.100593406098735,15.682093637792287,15.06133552706331,14.496413753509497,14.022536824536674,13.457291017709231,14.147641065194726,15.162443642835164,16.014436605358664,17.27762381377098,16.979166254007712,15.317997958530109,17.027191466911727,17.125151389896292,14.867068857070095,15.31188378015324,15.793729020575968,14.537909244979966
12.592796332958153,12.517107280264204,12.410402976467958,12.308974470541855,12.312617605387535,12.549594010149443,12.996761936701665,13.519006019957502,13.957170554913038,14.312685117215622,14.710091528813333,15.172737530175159,15.684571183577571,16.201935570192415,16.71116664298393,17.266456059515992,17.814874331923647,18.263374444542933,18.62053992682764,18.883087486642157,18.98812128124769,18.835526760937075,18.44467183909933,17.94561345083143,17.33953605748967,16.731221929963585,16.29967385042189,16.071695937806254,15.950579742398151,15.851453756442398,15.834135530775763,15.894994972074334,16.046505961605096,16.546426444762215,17.063444494447495,17.477397435441468,17.83639160930961,18.215940601705615,18.525418597327395,18.68867262720489,19.02729426618983,19.519777815239785,19.083384125034147,17.903807048992515,16.978461350813063,16.705817488311155,16.206239208504563,15.813333141767973,15.215295601775066,14.643062096015273,14.165138705254058,13.660242938583721,14.40355264381418,15.428690121810929,16.301271585498178,17.529349939783685,17.19100032545032,15.563762306412386,17.31865483724523,17.35502976283927,14.989411686263015,15.482478124356419,16.00566324181063,14.755609297063002
12.686202974332561,12.609514460426482,12.501898518823447,12.401121015430823,12.407931927835664,12.651824737431117,13.110660393839234,13.647727683097996,14.099294543815937,14.463917043159032,14.861079985313852,15.30524794136094,15.775053957722958,16.233095812753746,16.68047962572636,17.183211842920674,17.708537838967278,18.179449452806875,18.608389393057024,18.98812128124769,19.235060749865077,19.215081276070393,18.8928700802073,18.388505682896934,17.718246840282024,17.01410664619042,16.496993497774213,16.22403342336303,16.097636487871025,16.020486646654863,16.030104413866404,16.102532458731087,16.257726441650167,16.74720764645036,17.256178037607786,17.675384192528654,18.039271884269052,18.414366409116596,18.712789577650202,18.87077532483294,19.233734984845448,19.756772402493983,19.302964729867796,18.07201552210344,17.165075786238788,16.910960994520824,16.389432826491095,16.007103749623287,15.423300065751752,14.839449575536879,14.343680158307354,13.857672695727429,14.615473577687938,15.637337712119962,16.53480350601914,17.769282696468572,17.407672160155066,15.775405228500034,17.57899182140214,17.551060350042114,15.077130536947625,15.6531741950185,16.226633200758187,14.966365479209419
12.688266612647842,12.61054200202227,12.501575324469405,12.39851117938079,12.399891262839859,12.64164090548416,13.107666820353051,13.659435169666196,14.130245260026829,14.52046070891015,14.945987476583266,15.40623710729466,15.865186178054662,16.282691734657334,16.666435931722265,17.087689483843768,17.534862815602516,17.959420908837462,18.389849552071638,18.835526760937075,19.215081276070393,19.377236686622766,19.22056354863031,18.822851911018404,18.188833576911826,17.44687802476265,16.852576627869198,16.511036446618903,16.34318189549937,16.25100719488002,16.260241638571507,16.320803140075693,16.458070882467972,16.93245035308983,17.43599797755746,17.858704020029197,18.216189980947387,18.56699187474551,18.836175232716798,18.973336360954267,19.34850742723605,19.916899281219198,19.472237580179186,18.188497709599684,17.299111416805992,17.09241846635687,16.562503034833746,16.169058469804888,15.58935468929585,14.998248538676963,14.472427904206159,13.96112027452689,14.68077947844125,15.676762788834566,16.59635240226263,17.881862846152046,17.522420536212422,15.846265127049811,17.689656650266873,17.613831244262368,15.052249519700197,15.728210750117633,16.356418726612453,15.076904004644556
12.568536235130583,12.489131429142354,12.377347469194147,12.269120261179117,12.261785012787604,12.50029445252337,12.973618172636563,13.540422042032768,14.033019065065066,14.45707336799161,14.92746884151604,15.429314642469562,15.909439526912443,16.31769835703468,16.657181199471825,16.995116686098086,17.333876631590762,17.65537459246052,18.01224315333913,18.44467183909933,18.8928700802073,19.22056354863031,19.29476013942671,19.12799260171138,18.668096734280642,17.992276228371743,17.359556051682734,16.924940203737815,16.65601026938914,16.480958951302135,16.439604007505288,16.460617267253838,16.563186326722718,17.033829637844374,17.548091435326373,17.97977306473829,18.33007359899403,18.643062206768498,18.86247892486661,18.956832465061137,19.321388935223112,19.923146001056665,19.503202132965555,18.18310376165499,17.3168664782699,17.183711681164166,16.660025658864843,16.228696992724245,15.636883445057535,15.04848356108243,14.49487884448871,13.920553213777113,14.547498276134872,15.496606206708044,16.43131547003287,17.806333793628372,17.480264276939707,15.721331537191384,17.577170683856284,17.50396686254729,14.900195971210065,15.653519396542338,16.331081573417894,15.026978846558007
12.390252118650222,12.308917951945157,12.194034660949452,12.080327442471807,12.064233468838689,12.299838440701773,12.779844884136978,13.35999881501576,13.872635117063233,14.329010786982854,14.845310767970647,15.397242395222724,15.917615425651409,16.343492508059825,16.664777705921715,16.93682223862385,17.16695090205883,17.361001925465573,17.59475142076523,17.94561345083143,18.388505682896934,18.822851911018404,19.12799260171138,19.264098397510093,19.0937299017718,18.596725830977455,17.99412165455384,17.470485768972186,17.054082133505386,16.72983063371169,16.581576667354103,16.533589352198,16.587554082170218,17.069858529479504,17.61319948155335,18.062402726814998,18.41117524234897,18.68404051399987,18.84101379855826,18.875515304506646,19.206788584879764,19.82144512947012,19.434917915820584,18.093712704406673,17.237308347467383,17.195372039869483,16.703650042008675,16.21724471839628,15.595411192337117,15.012345200562534,14.43650149375788,13.781012484157454,14.293712442424642,15.18949835040413,16.119643841602638,17.592733363467783,17.33022601690662,15.47061614313201,17.309352581830588,17.290660736367514,14.697757459327963,15.487947474487312,16.199746714336076,14.87418058530661
12.18678518861841,12.105083105437537,11.988753145858926,11.869425060187572,11.840395282609315,12.06472338367631,12.541108952759496,13.124080924828572,13.647190228647068,14.125413492266672,14.675183210056042,15.266810653279602,15.822988419468464,16.270143313392317,16.58519199062543,16.808966001500984,16.945825321578532,17.01599473549897,17.11034976212573,17.33953605748967,17.718246840282024,18.188833576911826,18.668096734280642,19.0937299017718,19.271413073859353,19.063834810100634,18.598570394074773,18.04764439597534,17.49062652622192,16.986157305502726,16.682645711803698,16.528966432775043,16.51126148095607,16.996060371689495,17.566384609886278,18.04348801591708,18.399570026474944,18.6373453540257,18.727859104326566,18.695433476108615,18.977740605007828,19.585149301133203,19.236922251657905,17.886597488799215,16.996518927979952,17.047657602158235,16.638633016630404,16.103620313858865,15.436747712627405,14.8486895836991,14.257764512968732,13.534715303021699,13.955272526861114,14.79636187226992,15.676872657505509,17.21651304997716,17.05020941192175,15.119353084014293,16.911471100610257,16.975876772848665,14.476653266590104,15.247119661651166,15.956153831876035,14.630117164225455
12.017444733206263,11.937305388589522,11.821852202170572,11.698701413985209,11.65579136669674,11.862266914501717,12.322556222633231,12.891979431644211,13.407737573472769,13.888736612383124,14.449219501809877,15.057095975183813,15.629831073200313,16.08837679260065,16.401825973945986,16.597313724598756,16.670494834027306,16.64695492104808,16.62354545729491,16.731221929963585,17.01410664619042,17.44687802476265,17.992276228371743,18.596725830977455,19.063834810100634,19.18956612357528,18.981518483469124,18.535249359705656,17.929569421417764,17.274125923339028,16.78929552843147,16.49033165433846,16.365043948977632,16.82227822284396,17.399969076962655,17.908448928150232,18.28666354271228,18.50646669700854,18.54652829645634,18.46478807214757,18.70708034168513,19.285654578491197,18.95458636253548,17.592653923601997,16.619230954152002,16.73260613829989,16.449940865109525,15.901537036052634,15.1835294895429,14.568982858039456,13.970683465906841,13.22638415323175,13.625668274636178,14.42235813308215,15.205165550184553,16.760686540889527,16.70277657267963,14.767526390145616,16.497544287348305,16.64873977942414,14.335713704556849,15.008575790355335,15.654062329299125,14.357010750199079
12.044942705476453,11.968373887543011,11.857008605388604,11.734793505670885,11.682187763493264,11.868995311304698,12.303148693904253,12.840588816118496,13.325543988878666,13.784344944883914,14.329381562916591,14.927419110204646,15.493914761013317,15.947195024521472,16.250910188464882,16.421641252352966,16.45144225917762,16.37083776661508,16.275660086522993,16.29967385042189,16.496993497774213,16.852576627869198,17.359556051682734,17.99412165455384,18.598570394074773,18.981518483469124,19.097656277869085,18.93617632367917,18.476050807369354,17.79320951886244,17.146611877719412,16.656364462956873,16.36907127796325,16.742542823376237,17.28098065582196,17.802837719924497,18.218255037233934,18.446346499688588,18.47541808479268,18.385998927726973,18.621852305728076,19.168536424601964,18.815719919308034,17.405304430875933,16.29624734042825,16.401278428522446,16.27611008823401,15.785743146201611,15.020105225572717,14.34182075929269,13.732105345599654,13.026769435233167,13.517337669957232,14.299601606365242,14.953704038730056,16.481481967647998,16.52377264465683,14.666399092998361,16.356216910526193,16.55271577946698,14.465138052124706,14.983593775129243,15.502952950130084,14.248605945732471
12.332628128111319,12.261617744147117,12.157196621313895,12.039382779101716,11.97868541690182,12.141612569356983,12.540821591374604,13.032234383895684,13.468072311059473,13.88576512537392,14.398794632626227,14.97005598952201,15.50979629668185,15.933406564779277,16.20207551329416,16.328308206552773,16.31365464178638,16.2000848038057,16.078870541358743,16.071695937806254,16.22403342336303,16.511036446618903,16.924940203737815,17.470485768972186,18.04764439597534,18.535249359705656,18.93617632367917,19.194273275562544,19.120960512883983,18.634658140195732,17.93115314413909,17.218988106314114,16.70231250644051,16.91371535212245,17.353616321900326,17.85037848925152,18.289516763931395,18.540217414823022,18.602046811976752,18.54852256229683,18.816336250487122,19.356025253093122,18.96635915943704,17.462888412731985,16.171588659147552,16.199682448893952,16.248872463018763,15.889391174968292,15.089098672837148,14.317245597826929,13.685670585966246,13.06867420444761,13.75169261455969,14.546907055605663,15.057168543016614,16.539051820887007,16.671135622617538,14.952924512841683,16.63941492145758,16.797273498553217,14.90618908060928,15.283182141381362,15.641874735488294,14.424087589677082
12.704427830569823,12.638984013415454,12.54091800984302,12.426868019300422,12.360260594461657,12.502697368377415,12.870253414116936,13.321028938163018,13.716068472850779,14.09905120370409,14.57933943036681,15.114560160460629,15.608577169693307,15.976224973680468,16.184061165977443,16.2491879293962,16.190355304645593,16.06222820889637,15.947905166337108,15.950579742398151,16.097636487871025,16.34318189549937,16.65601026938914,17.054082133505386,17.49062652622192,17.929569421417764,18.476050807369354,19.120960512883983,19.572932243265882,19.51983918402191,18.94528460008175,18.050765032931444,17.27297573445891,17.264946024162192,17.566621287293778,17.993640474659866,18.420671211261208,18.69336440938022,18.810927870381153,18.817403637506104,19.13246712399376,19.6819264013318,19.266590223848805,17.67521853800255,16.21073874043264,16.130145755189638,16.330985063451664,16.135246838875887,15.319838101720082,14.458252571191688,13.804111582046575,13.2878278520234,14.193226134750851,15.004825362063237,15.382025046213332,16.836143032224587,17.040050102236847,15.462504232823756,17.156989251424573,17.217810624805814,15.455397048883034,15.743991896100644,15.959355089844198,14.763029931907173
12.9259868966623,12.863592392536825,12.768776783566096,12.657736709531612,12.594848346186158,12.736252993267636,13.095336146439259,13.533624412557062,13.917769598465593,14.288436391406492,14.744662022293783,15.239212923180771,15.673614661360606,15.969769264473658,16.109162959442852,16.11805116633897,16.029105169842477,15.903871378550921,15.815711264344374,15.851453756442398,16.020486646654863,16.25100719488002,16.480958951302135,16.72983063371169,16.986157305502726,17.274125923339028,17.79320951886244,18.634658140195732,19.51983918402191,19.994949734240002,19.75669220210741,18.842772262704113,17.86294827616763,17.623804604293927,17.770039638919343,18.10289205386672,18.4887910253324,18.77230261156543,18.938549075291874,19.003492521895193,19.35373789701374,19.907358215486035,19.477721016010694,17.84802582286288,16.29717227406279,16.114990373169952,16.391918824693757,16.33407542944021,15.52906936927515,14.613829406353931,13.951275827487063,13.513623976436815,14.588104831116233,15.408037581499334,15.712357119921528,17.167755279584053,17.404394673773538,15.913419368064124,17.608036291983094,17.566558505530065,15.848388678825884,16.100828306448847,16.22419358375332,15.036627044801918
12.915323119325846,12.852004228205857,12.756380297810024,12.647493209079014,12.596435648960744,12.756000951362742,13.131984704286795,13.586105706181474,13.981040451343771,14.353482145109117,14.800080291838245,15.270827740843279,15.667301107213838,15.91915131665828,16.020923333384886,16.006776318969422,15.915140454853233,15.809858497367012,15.7586469254524,15.834135530775763,16.030104413866404,16.260241638571507,16.439604007505288,16.581576667354103,16.682645711803698,16.78929552843147,17.146611877719412,17.93115314413909,18.94528460008175,19.75669220210741,19.94894367716731,19.305071886069893,18.338596311216225,17.926690300968776,17.9055093925023,18.131313681597533,18.45863879605205,18.74514595749201,18.95151359249077,19.055225826882193,19.408464369307527,19.96132048425262,19.534552323303135,17.927451132413882,16.399437802493416,16.16056115319469,16.411320041369308,16.40655045585498,15.636059981338967,14.72121004137355,14.058702981289606,13.652785104032583,14.795732148647675,15.613180623763848,15.908372167307153,17.39758073894454,17.616501914680967,16.132930987666924,17.822739411404292,17.70419462530725,15.932314340138344,16.222940642996004,16.33724819669796,15.151024475089127
12.763046025531546,12.697694262009312,12.600508156280126,12.493375897516989,12.45317256302591,12.629527726217205,13.020827035221314,13.490125218299925,13.896583554123033,14.271516944677403,14.711030189184735,15.167203887009975,15.54780313564881,15.789410759977656,15.895002230081692,15.905067120192145,15.85351209065571,15.794089416970321,15.78735766187428,15.894994972074334,16.102532458731087,16.320803140075693,16.460617267253838,16.533589352198,16.528966432775043,16.49033165433846,16.656364462956873,17.218988106314114,18.050765032931444,18.842772262704113,19.305071886069893,19.14827744556203,18.53679345846547,18.128336174884655,17.951179704305915,18.055910886002575,18.31872785063901,18.601414155652407,18.827426479082693,18.938616330470513,19.27022274684357,19.81842400210437,19.411767992546256,17.883041057849866,16.438929866654693,16.169084136822654,16.319836686684404,16.29162111961156,15.574011230447628,14.716274684359554,14.075931738524446,13.68712641602844,14.813753821258139,15.613082451337322,15.929764427784278,17.43282685723856,17.59677115989457,16.110450074771144,17.77397833035507,17.59134912076017,15.703240425224605,16.083311203678253,16.277384699606205,15.09796551588383
12.665407113394794,12.600174695444666,12.502984331112927,12.393903855753097,12.349319449064756,12.51854785830213,12.902591408265888,13.3687202111227,13.778449196721049,14.156714712872393,14.595664823405517,15.049093278003971,15.431888627676525,15.685898397444344,15.819087214277767,15.877578978502987,15.88695401429027,15.882058716165188,15.915787578571294,16.046505961605096,16.257726441650167,16.458070882467972,16.563186326722718,16.587554082170218,16.51126148095607,16.365043948977632,16.36907127796325,16.70231250644051,17.27297573445891,17.86294827616763,18.338596311216225,18.53679345846547,18.461049459164695,18.33920627645857,18.142627175002968,18.112864396496516,18.26252936035505,18.500395092999273,18.695309134474158,18.7794038570249,19.114520792642654,19.700375148362316,19.330302168854175,17.88068870571528,16.527693101434373,16.23052647993391,16.231949959128848,16.146456452860352,15.502355875130622,14.728132286467453,14.122086065246018,13.737064927827909,14.791969913988089,15.58830069168184,15.96569751014976,17.44649966280159,17.526868817406797,16.037971591886574,17.678034486208304,17.42053848371686,15.364479894917443,15.874906924253185,16.22493315867161,15.038570742121696
