0,1,2,3,4,5,6,7,8,9,10,11,12,13,14,15,16,17,18,19,20,21,22,23,24,25,26,27,28,29,30,31,32,33,34,35,36,37,38,39,40,41,42,43,44,45,46,47,48,49,50,51,52,53,54,55,56,57,58,59,60,61,62,63
8.84697860178464,8.847999965051336,8.806484819652121,8.743239321406842,8.63728705975393,8.463408268717314,8.22582607197396,7.94014516764887,7.613554520219653,7.225166629797754,6.779351611520929,6.376007029279643,6.1160227997785555,6.023285817441614,6.007822644765693,5.989959977899098,5.974618998330418,5.939544107009933,5.850340746302433,5.750391270906835,5.637251323121445,5.4975612966757925,5.3958663010712815,5.367744481050742,5.322690847012023,5.187679269184494,5.087114157870088,5.083482779418686,5.130036629846624,5.170673735644929,5.276103683645123,5.606770661196291,6.006031599636035,6.39746314724904,6.863516470996194,7.229668900531438,7.417861022016639,7.241769392848582,7.116184603998654,7.207569991861669,7.021196013593091,6.536428591845123,5.647732547205052,4.922397028966466,4.290858150415468,3.8828979964967103,3.833902035479697,4.093747979191624,4.605624016030276,4.983591588252279,5.594831846805584,5.735686138600351,5.537136443083599,5.767606556610484,5.80164994571617,5.577136365877164,5.213718494200923,4.577075343877358,4.11139581005091,3.9520470008960986,4.263902269229665,4.527467191618611,4.231705768852161,3.6040441949640356
8.847999965051336,8.85562454588771,8.8218491252756,8.754039413608877,8.626373769934693,8.424738853042824,8.16605302082878,7.869403889725776,7.541564781614568,7.159060148339608,6.724641869755876,6.332723861069713,6.079695714826384,5.989457183547074,5.973549625988544,5.953487663567483,5.934610574662134,5.896384956852116,5.805867185414626,5.705234714671768,5.590335413851147,5.449624398345283,5.348414788295787,5.319843515092047,5.27171403975277,5.135381495523764,5.030725086608597,5.0219056615498205,5.066462586133696,5.112920091169303,5.223617706033015,5.556321559484069,5.958253646389596,6.352584677210947,6.815224530981448,7.177494718166687,7.368536184024126,7.2030871782551955,7.083292327903342,7.169017698487202,6.9800777949996595,6.501820006625216,5.61829265492948,4.8954988704439595,4.2702775180539945,3.8667586136839374,3.8163190151860937,4.0718357917470875,4.582410410308528,4.959036470459723,5.561670235940605,5.695612269894555,5.500462611395865,5.732936053102454,5.7666046537954605,5.542417985944795,5.183049021612214,4.548909079274362,4.092211438019833,3.9413258800865414,4.254133946645844,4.509691839546714,4.215038166203374,3.59064925505703
8.806484819652121,8.8218491252756,8.812230604195642,8.768960069183036,8.645208123649496,8.427581016897951,8.144900980326401,7.826333006867285,7.486037494732849,7.100811428302549,6.669029868552371,6.278794737387696,6.023235253751912,5.931543125957817,5.917213522217406,5.897194033174104,5.871024824398298,5.822735028832497,5.729015104326328,5.633005722927728,5.519681655107189,5.376016628087417,5.272061808540563,5.2411457501546606,5.191884620093031,5.065647817746426,4.9717133168765,4.974572402397363,5.03397776489465,5.096853016236414,5.208542611565575,5.529672889206026,5.9296584147189275,6.323945091137022,6.784898145271537,7.1506362893738675,7.337624722998837,7.15898018291848,7.02823548223657,7.1132421766374305,6.932872649731736,6.45309794465561,5.571438105920272,4.858983386502827,4.240735738616329,3.8370134166793544,3.78387391854437,4.037273051300679,4.546330345418481,4.917837729482132,5.515330832292067,5.642750512151338,5.447144025844584,5.682984675519183,5.715288991387794,5.491022409645943,5.136892278988422,4.509146063867703,4.0606184225266295,3.9165146805259305,4.231020290967353,4.469995488349006,4.171373160980054,3.5494716882068147
8.743239321406842,8.754039413608877,8.768960069183036,8.80383835624312,8.78140895860033,8.637488016748602,8.373594820273889,8.027362216656105,7.63933831792439,7.205274085211537,6.721110597841763,6.28355677167645,5.996758976383618,5.898047124886963,5.894088319496054,5.888413377812168,5.868364145711318,5.816435597881272,5.722059875619621,5.635336965076669,5.528854849262039,5.379703120550606,5.2629815639377355,5.225488122830044,5.186583309724813,5.088260387456445,5.035115405659173,5.086601280572813,5.188086283203782,5.267242481723242,5.3679684328694,5.667142050769026,6.05843841093053,6.445963781852045,6.919129804936566,7.308521323759569,7.475292975151125,7.223056832591066,7.041226517671611,7.146277279491165,6.991653467996799,6.484115094022795,5.58198504273727,4.877352116105767,4.239804544441338,3.8221985490385775,3.779468584763737,4.055660096625431,4.576676788162836,4.948275331193993,5.571881196745153,5.705805655305917,5.48679917209246,5.722225834602247,5.75654921251892,5.5278903750118245,5.163737059424078,4.527427759984766,4.060119507071684,3.905069797579445,4.24187959115127,4.474827857852192,4.146604645897314,3.511584786361909
8.63728705975393,8.626373769934693,8.645208123649496,8.78140895860033,8.958069580436815,9.017491953215174,8.870417910975496,8.535483932879389,8.082661530579305,7.549290451941952,6.946490525735906,6.402563397214479,6.050650861346286,5.9352144416816675,5.945014804890458,5.964542086121654,5.969597235681043,5.931297580838878,5.844858670074353,5.768437098298138,5.669479507735854,5.513229403105213,5.376702121968942,5.328056208855111,5.30943772730169,5.252600627227442,5.26276782581054,5.391732645993999,5.551808182084296,5.638134828713875,5.717965979072822,5.997425094809321,6.37569625160225,6.745020335753186,7.236403409589542,7.662503183417123,7.803224197690427,7.441736729835794,7.173405188535189,7.308284524546448,7.188029262387525,6.6295933418480475,5.67908199985919,4.97418415883475,4.297811943703992,3.8529888182278658,3.8412411933994735,4.167480688431991,4.701933187584994,5.076172464782827,5.759026607015268,5.925810814331723,5.672067399496105,5.896728300469064,5.93432122881533,5.705800281347998,5.312292955155287,4.645724329252668,4.124805970881053,3.936694695170491,4.312647406216579,4.564283325898579,4.186352424808861,3.5234490698625685
8.463408268717314,8.424738853042824,8.427581016897951,8.637488016748602,9.017491953215174,9.342074666188237,9.401565202523157,9.14920632344355,8.657779570580164,8.009061827568695,7.2513640788715215,6.563859962524442,6.122302245327208,5.977591870237059,5.998240972926949,6.045230251694351,6.080280425411146,6.061134470246131,5.986742698364068,5.921874504161744,5.832049374737846,5.675473007573961,5.527575522662839,5.471280971739335,5.476673827920932,5.470176569204776,5.55200045624426,5.762541937006933,5.976309593692813,6.059460155646617,6.107539951752855,6.36759252215179,6.731242651142689,7.079740316732642,7.587251655684492,8.0400502134009,8.152286278463068,7.685494779744379,7.325321929723422,7.485932377528253,7.398106539287881,6.776403467217871,5.7681795870869275,5.064268428363112,4.351281231514267,3.881760589147016,3.917782370161664,4.301976152357039,4.834301449866621,5.20569567368718,5.9582514889865585,6.174933501256191,5.8883761886042905,6.094826474112305,6.137102503900686,5.918734728709406,5.49872364921118,4.7999827272055215,4.21564749086897,3.986000901330433,4.394244857995532,4.677501151137956,4.251180579819708,3.5575214913713475
8.22582607197396,8.16605302082878,8.144900980326401,8.373594820273889,8.870417910975496,9.401565202523157,9.696815284089363,9.618714778297182,9.173221021833058,8.451689020904263,7.5534300686298765,6.722603528041406,6.1866140255135855,6.005213995081407,6.028978222623965,6.093899283334127,6.150685305167042,6.150819968527554,6.090107816357711,6.031855043165387,5.9440517832728395,5.79094123488654,5.6445049335294994,5.586882183566792,5.6062300811539,5.634262096815371,5.7683115957092195,6.033436648741504,6.278185580568225,6.353221169717959,6.365039364425051,6.599430576910147,6.948465989046373,7.282211873952197,7.793773305457654,8.253331774705861,8.342885766638911,7.819245907204307,7.406588612910713,7.575400320775906,7.504903577786256,6.820287004745827,5.760802581621285,5.065193398723195,4.337219767972349,3.8530357017790227,3.9376702569806943,4.360058287044677,4.869912159265728,5.229316167728409,6.0355308406102335,6.308648386524108,6.004297664882614,6.190004262600839,6.233672907834572,6.022208756747978,5.600639765416721,4.882836317848114,4.25336647350196,3.9827942742002125,4.393233281673515,4.716401848252423,4.265921993084458,3.5494877236007767
7.94014516764887,7.869403889725776,7.826333006867285,8.027362216656105,8.535483932879389,9.14920632344355,9.618714778297182,9.78183897472731,9.539456399469582,8.905819955264223,7.988885821196235,7.073909651350185,6.447883229802872,6.209655001848544,6.207001094457345,6.253082751999316,6.299549603120173,6.300084014431244,6.242496724681598,6.191005665800242,6.115034077967674,5.9798767801725345,5.850115098556178,5.799044415131258,5.816120022729125,5.837494851335815,5.969463007184651,6.240285620442942,6.489005145915443,6.551198296087949,6.527800841387436,6.722255725682283,7.03714161105823,7.355382162037856,7.861982247597839,8.310320977841467,8.391313410526218,7.875953795140656,7.487497590954123,7.660473292345112,7.591182829649017,6.8655171221902185,5.781884941255522,5.092826461973314,4.368336129318391,3.844281035061339,3.92864147192271,4.337060563504896,4.8026297028047855,5.146655968094935,5.9689674189613875,6.306651248624806,6.0266243456869475,6.184353303377761,6.221203687786755,6.009541879317188,5.617282640073726,4.916323222162207,4.270072470075127,3.9504187115815155,4.29872332003138,4.666824265708292,4.247732179991038,3.527653196362738
7.613554520219653,7.541564781614568,7.486037494732849,7.63933831792439,8.082661530579305,8.657779570580164,9.173221021833058,9.539456399469582,9.630613660522021,9.32393964968016,8.63129753378335,7.792047273909201,7.125317190647853,6.808384917915816,6.730467799136238,6.700815108602103,6.686893837299802,6.648858022966003,6.569762028023704,6.530065861074301,6.4933114829960035,6.405147845031458,6.314381732845489,6.280424092484691,6.27899676162086,6.245340996678556,6.300014079392923,6.506048888314198,6.716158820066733,6.739585548656528,6.670995369122604,6.8059381783537,7.058560760127409,7.351643763426743,7.850492635031847,8.276157530398507,8.374437749149514,7.9307863109138275,7.65664447345206,7.852023230670642,7.778170174022905,7.069321382933265,6.015768591158853,5.310862725754702,4.592047764589488,3.9874036997741307,3.966343704511432,4.274583930542473,4.693886596742314,5.050443922755581,5.83936300300201,6.238223126646225,6.036636933506228,6.150852448678064,6.171216907384571,5.958329066658282,5.618661404351638,4.9948226878151205,4.3554486326698685,3.9634063753717848,4.16457116441115,4.5767038740572,4.268414016748853,3.577103440742127
7.225166629797754,7.159060148339608,7.100811428302549,7.205274085211537,7.549290451941952,8.009061827568695,8.451689020904263,8.905819955264223,9.32393964968016,9.501929868584309,9.291232606917134,8.768600939261106,8.196217735049698,7.81694034456326,7.619074214765415,7.457988567092601,7.34005487600527,7.231883889738234,7.108475630936967,7.075864688335065,7.087687871495014,7.0644701715069536,7.033285403502005,7.0261258224200045,6.987500976247484,6.849179301540448,6.749219223264522,6.801582359641449,6.894352165125036,6.81955800958726,6.688141630067156,6.7613488853146215,6.9462301232849235,7.202678551757166,7.677482127438739,8.079326483081303,8.243847602434865,7.957371533390552,7.870891886114612,8.106806328675223,8.028336911844326,7.418979865388593,6.451410351598506,5.69362047707285,4.9956682248810464,4.310660339022637,4.0719608924826165,4.19014181551438,4.5768917079317175,4.9872035739160525,5.6962752450801775,6.133232282805836,6.0638885054845835,6.132043692763891,6.118269530930101,5.905753565872137,5.615644885284211,5.13213762616971,4.525819221534136,4.041633826054853,4.020006516067415,4.469312625264085,4.353051582471358,3.738169689658857
6.779351611520929,6.724641869755876,6.669029868552371,6.721110597841763,6.946490525735906,7.2513640788715215,7.5534300686298765,7.988885821196235,8.63129753378335,9.291232606917134,9.71406999443777,9.741924567815545,9.454606064729067,9.078147252226081,8.732325044461927,8.39161302979389,8.139665946631476,7.9551958326950105,7.784308703847076,7.741738509643239,7.781294022033338,7.817275815278905,7.85611050840452,7.879375486429628,7.78025544955873,7.485568413876945,7.15934935058166,6.9654314947556575,6.8454784207750725,6.614452822475133,6.41606937178182,6.449227101055744,6.588244132148505,6.803073485098499,7.219980741325416,7.604345327446898,7.904398403459246,7.8918045251100315,8.041223999966219,8.31266008298253,8.22771953723753,7.7970428542767,6.945671630034563,6.101064398897091,5.452972118910847,4.712992110944346,4.19597714205935,4.087354871296983,4.454969602360448,4.929133403515282,5.51990611462798,5.969909379824041,6.078722052406814,6.116247923681147,6.048243238239627,5.842044283394883,5.568927181549442,5.257117682374885,4.716204407054177,4.144638527697589,3.8650189798654067,4.347659314996986,4.481640661888152,3.983485636012089
6.376007029279643,6.332723861069713,6.278794737387696,6.28355677167645,6.402563397214479,6.563859962524442,6.722603528041406,7.073909651350185,7.792047273909201,8.768600939261106,9.741924567815545,10.382609987083228,10.527573466161604,10.266751830445495,9.810793229559359,9.29230108693104,8.900234438463796,8.645574656535471,8.431911671744992,8.355568493729434,8.391012832440364,8.466055192842788,8.565859802103947,8.611229528674116,8.437562367205297,7.972489425875758,7.408112744317653,6.9363696682224525,6.5623866851461905,6.1630009254905795,5.913998658700585,5.93523026933538,6.063116597463665,6.249037229630534,6.596159622051809,6.976069042858047,7.440189539833789,7.733867067746161,8.112038124881689,8.411920591114287,8.315224901984092,8.082569741210413,7.349521166932454,6.410746750069514,5.815912795213616,5.053775838712172,4.281548809107549,3.9780016475031905,4.345255440780542,4.87754288168093,5.351983505162032,5.795955576356516,6.079846671111415,6.101919323637954,5.970168046143575,5.770924390816367,5.476109039534878,5.320335669874843,4.858107742825554,4.219191506792235,3.7106073395625936,4.227331570401547,4.598500861329334,4.227414602743814
6.1160227997785555,6.079695714826384,6.023235253751912,5.996758976383618,6.050650861346286,6.122302245327208,6.1866140255135855,6.447883229802872,7.125317190647853,8.196217735049698,9.454606064729067,10.527573466161604,11.113843015684894,11.107302705983258,10.68144153443645,10.075140845695099,9.56588739531511,9.227035102792861,8.951793059699822,8.822232055948447,8.838370109146751,8.932226407074062,9.063435126849981,9.104073697255588,8.849943125902518,8.239721907548653,7.485726684153716,6.784299430126343,6.185932996708556,5.638429004819561,5.351234035938141,5.37528931382347,5.523288890794689,5.714083595584508,6.011897065816105,6.393366911905317,6.989291130900572,7.5276686060620674,8.090915339411577,8.427281639902466,8.313250502860551,8.226100718673862,7.593734476610528,6.579585002342966,6.032313928679805,5.275532896238763,4.309550939887658,3.857801149203087,4.246173169262124,4.837343015940663,5.2395139244548785,5.664270797565859,6.062106779944637,6.088364486531385,5.901323455885168,5.698265878973928,5.35566267957592,5.317286514569868,4.921714327081822,4.236312411960632,3.5710066392696347,4.122186361222736,4.654776162519397,4.39306894162608
6.023285817441614,5.989457183547074,5.931543125957817,5.898047124886963,5.9352144416816675,5.977591870237059,6.005213995081407,6.209655001848544,6.808384917915816,7.81694034456326,9.078147252226081,10.266751830445495,11.107302705983258,11.401161093552943,11.171076372340517,10.628616299053814,10.064989202368444,9.619417482733267,9.242154924109569,9.049869613956664,9.052605202605601,9.154280689772053,9.28495421689186,9.295503715065541,8.972160130853128,8.2729273398906,7.425334908949229,6.617342656803684,5.905293745937212,5.2711686118415875,4.951660508430326,4.971728516173658,5.144094349904855,5.364390313356153,5.6553878052207605,6.042282903721828,6.689748330825228,7.334987825309369,8.006124230932864,8.389027061570026,8.261810388208033,8.217300004723699,7.6494836975837215,6.612331435063172,6.095367208758095,5.345290524416006,4.272240932818916,3.7309449694764907,4.1492265293742605,4.802203318458176,5.191089674826239,5.58813805696238,6.005438032768539,6.044935758524783,5.823175399155325,5.600180379936889,5.219432777697319,5.247857521056381,4.895464553886963,4.1874364759459795,3.4558575251570303,4.025702603946455,4.6141800692983015,4.414206572331054
6.007822644765693,5.973549625988544,5.917213522217406,5.894088319496054,5.945014804890458,5.998240972926949,6.028978222623965,6.207001094457345,6.730467799136238,7.619074214765415,8.732325044461927,9.810793229559359,10.68144153443645,11.171076372340517,11.192457782769972,10.84195841601374,10.32938662285606,9.81497500763236,9.333452866448544,9.071553419177816,9.047748692806444,9.132923736996064,9.237411318791233,9.208551902333689,8.841937911339814,8.112741099883541,7.2543692063289065,6.4461573955017935,5.7250277017632465,5.070485094615885,4.732692896604667,4.743824006107757,4.936742877446757,5.192044644678919,5.511505620962021,5.912761304868269,6.547793319287915,7.175847677444258,7.866199583182437,8.281770294410553,8.148112993082995,8.07777366447662,7.543451932159827,6.535078176905528,6.029058780580724,5.290968789030958,4.19887061964898,3.6328858869928493,4.074565132135135,4.760386502900067,5.161426622347694,5.529205174893692,5.905563654941277,5.961989556303913,5.734909532326129,5.491216649144966,5.09913629964445,5.151019485046273,4.826365725376396,4.12771161992851,3.413512889895604,3.9715582686558655,4.528884060800275,4.340269186583809
5.989959977899098,5.953487663567483,5.897194033174104,5.888413377812168,5.964542086121654,6.045230251694351,6.093899283334127,6.253082751999316,6.700815108602103,7.457988567092601,8.39161302979389,9.29230108693104,10.075140845695099,10.628616299053814,10.84195841601374,10.735083899781992,10.396628403498559,9.929030210941736,9.409248700296558,9.076157529432214,8.980340468121398,8.99811073705418,9.046439564735309,8.973383292132201,8.576739777973486,7.8368301320634695,6.988693490986056,6.209431620094358,5.5189821750894765,4.8841415877226035,4.55179148600009,4.568883601499875,4.782345109772037,5.064208162327013,5.421424415942469,5.844471037084786,6.455954521879796,7.028240862503609,7.686688710794962,8.11342184612353,7.972372371240401,7.862475906997863,7.342753210431714,6.392099298031353,5.896528042485867,5.18403714425253,4.132723361066364,3.589197066455747,4.0472254011132165,4.717269844645347,5.117994036386106,5.4579545759725665,5.7825840104252695,5.865668223791698,5.656674134455949,5.401211644514144,5.009211355285462,5.050514686933439,4.748552604731643,4.089719146098016,3.450759942703032,3.975323322693771,4.463055866738129,4.262875619078773
5.974618998330418,5.934610574662134,5.871024824398298,5.868364145711318,5.969597235681043,6.080280425411146,6.150685305167042,6.299549603120173,6.686893837299802,7.34005487600527,8.139665946631476,8.900234438463796,9.56588739531511,10.064989202368444,10.32938662285606,10.396628403498559,10.312860470252483,10.062567956534119,9.652188267925204,9.287819480989457,9.077108167557858,8.968150168428517,8.920972350315497,8.79169877088852,8.36414456026041,7.602415156216081,6.744219731945432,5.973650202584723,5.302778378015185,4.696048695833653,4.392992798837578,4.445030827081057,4.677210563257169,4.963389647283821,5.339638363995253,5.783618399614632,6.393558136097539,6.94063339044086,7.556771634166031,7.975071450939674,7.82546680388893,7.703493017102396,7.173578896663244,6.271954881859529,5.792853724986621,5.109663110695542,4.125775050919695,3.636492558422836,4.1125558598224154,4.722895205377697,5.097345672349983,5.4179633721201,5.710681776772668,5.834178857437088,5.658750325811023,5.401680764324254,4.996040886379203,4.996397238707973,4.700671940644139,4.092999811971872,3.5475446544252516,4.040262113008687,4.470405118089637,4.259088345827757
5.939544107009933,5.896384956852116,5.822735028832497,5.816435597881272,5.931297580838878,6.061134470246131,6.150819968527554,6.300084014431244,6.648858022966003,7.231883889738234,7.9551958326950105,8.645574656535471,9.227035102792861,9.619417482733267,9.81497500763236,9.929030210941736,10.062567956534119,10.123840566997725,9.969341011425911,9.663097253931886,9.34835431058896,9.084128576326988,8.909858260924798,8.709187292710563,8.243358163000051,7.448220854334776,6.5611852012965315,5.773637076163249,5.094152718954715,4.503470768020477,4.241687876224415,4.345392164344221,4.593332094118694,4.860582517965539,5.223642701795302,5.680388794779375,6.309828895542423,6.875663176974057,7.449859111632302,7.837058143815534,7.686787064589846,7.596009137318715,7.053032296193918,6.168557291397462,5.708506170883671,5.067017824059672,4.162620966732301,3.7443171108820943,4.245768112572925,4.7706218861169996,5.094328648654646,5.403639265785276,5.686815773207217,5.861921014119807,5.724981435888635,5.474587550904089,5.043082048310058,4.98763399040259,4.682851659056621,4.129041696838322,3.6627640020990855,4.133258211761125,4.531372148314528,4.30942789470591
5.850340746302433,5.805867185414626,5.729015104326328,5.722059875619621,5.844858670074353,5.986742698364068,6.090107816357711,6.242496724681598,6.569762028023704,7.108475630936967,7.784308703847076,8.431911671744992,8.951793059699822,9.242154924109569,9.333452866448544,9.409248700296558,9.652188267925204,9.969341011425911,10.125029933174433,10.005065764892938,9.689392312616828,9.306776235000777,8.994057897432315,8.69688187217435,8.17421837900994,7.341403601342707,6.432778579075392,5.6352675834604335,4.946868881044061,4.363639753532709,4.132217963651125,4.270978773926258,4.526236300573076,4.763809395630206,5.097924509573196,5.549513119128256,6.186724769451172,6.7674259011092435,7.29709029070013,7.644627921186937,7.5116759582656885,7.4719427717178135,6.942846697901914,6.061912425497375,5.61883900600705,5.02468057183431,4.193833691240774,3.8283977473418083,4.357300625280621,4.8076779326192876,5.076230126535707,5.366875520624371,5.633083847161481,5.866754035614183,5.765839254015744,5.513908522355158,5.063533928530244,4.962680997146582,4.6434284376389865,4.147909597476591,3.7336243805000353,4.175474549820397,4.550817703031053,4.3140591949376415
5.750391270906835,5.705234714671768,5.633005722927728,5.635336965076669,5.768437098298138,5.921874504161744,6.031855043165387,6.191005665800242,6.530065861074301,7.075864688335065,7.741738509643239,8.355568493729434,8.822232055948447,9.049869613956664,9.071553419177816,9.076157529432214,9.287819480989457,9.663097253931886,10.005065764892938,10.157722907129488,10.03468959267663,9.691775449685883,9.304421542707434,8.895616749066551,8.280056145681593,7.393649957903195,6.47020148335606,5.6857686900130835,5.011903184466199,4.427305876048067,4.186563042225095,4.3074119046739305,4.543304201014027,4.756300527989582,5.07299615772048,5.494224064275998,6.0952458784882495,6.643161349974517,7.156881974967859,7.501918748724539,7.40716690501471,7.399973466358466,6.9202108093040575,6.042175016500414,5.6056213616000585,5.026083268403149,4.199959357426178,3.8182996639065157,4.364631177722511,4.80893532762551,5.055358387889758,5.321953018224972,5.556033390500289,5.8244096122554225,5.736793496336875,5.460077783699823,5.015034268924527,4.925575272760226,4.592616373525852,4.130242012708901,3.7004111061880924,4.107355743282777,4.479433049907576,4.244066971064441
5.637251323121445,5.590335413851147,5.519681655107189,5.528854849262039,5.669479507735854,5.832049374737846,5.9440517832728395,6.115034077967674,6.4933114829960035,7.087687871495014,7.781294022033338,8.391012832440364,8.838370109146751,9.052605202605601,9.047748692806444,8.980340468121398,9.077108167557858,9.34835431058896,9.689392312616828,10.03468959267663,10.211183082590928,10.113245492526927,9.808014511764114,9.33421953228174,8.597982886081846,7.617682060614659,6.652709890296077,5.868651413323812,5.201938523353278,4.596565096821135,4.308827678738574,4.376634559167941,4.576669706801314,4.779017353848386,5.085784828037356,5.463215065235145,6.012261763532199,6.522766650811995,7.070913830210336,7.4548575911163075,7.3992221032339325,7.404751988848775,6.984311183951163,6.114845876681267,5.665861725259669,5.07027678230001,4.181046881982239,3.7312828745225657,4.284112476979572,4.780854775976107,5.036885794947571,5.283953548334652,5.491001149013995,5.760758124628818,5.659759021185706,5.352020427208832,4.9257076020560335,4.892359438847806,4.550002601028854,4.085387097114199,3.581807708218836,3.9722926892013106,4.370294807036433,4.161153136906377
5.4975612966757925,5.449624398345283,5.376016628087417,5.379703120550606,5.513229403105213,5.675473007573961,5.79094123488654,5.9798767801725345,6.405147845031458,7.0644701715069536,7.817275815278905,8.466055192842788,8.932226407074062,9.154280689772053,9.132923736996064,8.99811073705418,8.968150168428517,9.084128576326988,9.306776235000777,9.691775449685883,10.113245492526927,10.38440633815704,10.365695649147742,9.963024060109383,9.12203251767274,8.003191742022226,6.951114435531847,6.128257994199232,5.435584293624102,4.779854720512439,4.419111314103682,4.4236230341623335,4.584869444298325,4.780221150645039,5.0729320085729075,5.409205367666773,5.922126062196201,6.422934084818653,7.037973657592828,7.4748091397325265,7.447201764095847,7.460134920509775,7.068050249880431,6.200381432971189,5.742064549441564,5.138300347362027,4.1686866715524955,3.6403739790659606,4.182416888267061,4.741611387040832,5.0223442301251735,5.249870018273896,5.45477273477415,5.722271201766652,5.590186540511168,5.262189416906628,4.865279657679728,4.904460634472248,4.55916575927657,4.065733898404765,3.4737036863764903,3.8676850729856387,4.309017042244238,4.1442775716806475
5.3958663010712815,5.348414788295787,5.272061808540563,5.2629815639377355,5.376702121968942,5.527575522662839,5.6445049335294994,5.850115098556178,6.314381732845489,7.033285403502005,7.85611050840452,8.565859802103947,9.063435126849981,9.28495421689186,9.237411318791233,9.046439564735309,8.920972350315497,8.909858260924798,8.994057897432315,9.304421542707434,9.808014511764114,10.365695649147742,10.732548779441023,10.59195869676309,9.777601665847664,8.549126433898463,7.393001583150945,6.4996204070535795,5.749305263252098,5.014867717136994,4.573125513879722,4.5231625275947405,4.648822346477142,4.8254629655526795,5.1028681103550175,5.414179104146992,5.913635404990061,6.419470786446988,7.095213669630755,7.570831624367581,7.5498457308883475,7.5630135986091895,7.149555566820854,6.267182226947246,5.8200980886578115,5.235064228305959,4.214679036767261,3.6314928937775246,4.152014945461098,4.754515039450903,5.067431376736166,5.2721784094839474,5.486843643744412,5.770070397197616,5.601212695361597,5.2739250748490365,4.916899895847942,5.0142288255353185,4.66446461648659,4.1205999444544315,3.4678142467929476,3.887586101154239,4.365922701884114,4.23349080059616
5.367744481050742,5.319843515092047,5.2411457501546606,5.225488122830044,5.328056208855111,5.471280971739335,5.586882183566792,5.799044415131258,6.280424092484691,7.0261258224200045,7.879375486429628,8.611229528674116,9.104073697255588,9.295503715065541,9.208551902333689,8.973383292132201,8.79169877088852,8.709187292710563,8.69688187217435,8.895616749066551,9.33421953228174,9.963024060109383,10.59195869676309,10.83316092468493,10.317072106382994,9.177411849670385,7.988366609903616,7.028002312300525,6.2052415903446425,5.374782933180406,4.850770824300509,4.748106788971479,4.830175210543184,4.980486727988859,5.253186208406358,5.561734155135268,6.046671815163754,6.5293930513458,7.207195583341351,7.6892282838542405,7.649433852763772,7.640234337961586,7.169826797412205,6.262327438875001,5.829595387257091,5.292599435464503,4.303753762881488,3.722515182269659,4.21967951421249,4.834331780170223,5.197762843560082,5.381440107058091,5.575433369416917,5.8690028869957995,5.676429769728283,5.381219252003581,5.063571626278277,5.174501483847854,4.811357332702415,4.207521772906762,3.547951497041491,4.002514303883521,4.489293247048499,4.352172746074029
5.322690847012023,5.27171403975277,5.191884620093031,5.186583309724813,5.30943772730169,5.476673827920932,5.6062300811539,5.816120022729125,6.27899676162086,6.987500976247484,7.78025544955873,8.437562367205297,8.849943125902518,8.972160130853128,8.841937911339814,8.576739777973486,8.36414456026041,8.243358163000051,8.17421837900994,8.280056145681593,8.597982886081846,9.12203251767274,9.777601665847664,10.317072106382994,10.354584473664211,9.692138720463685,8.697142945078589,7.720548894344153,6.816039192822521,5.888775718843539,5.2743654197901675,5.091014290976063,5.106663715538253,5.229161801837542,5.50098538712811,5.813230808041854,6.256544765065042,6.651194425776298,7.22649026229576,7.663909685507762,7.591688069931266,7.534483353868178,7.002064318942972,6.097082559141444,5.67465925248077,5.2121052624465465,4.365231818382073,3.8719720667559963,4.334367593918147,4.932852349541693,5.366261076894157,5.532533999582595,5.650671695215225,5.924295088155098,5.74047645566054,5.519496008679271,5.2404363803008245,5.3125007996811355,4.9135964879127805,4.270405089643534,3.6568454237191736,4.128336138064572,4.575430520727712,4.390129380504054
5.187679269184494,5.135381495523764,5.065647817746426,5.088260387456445,5.252600627227442,5.470176569204776,5.634262096815371,5.837494851335815,6.245340996678556,6.849179301540448,7.485568413876945,7.972489425875758,8.239721907548653,8.2729273398906,8.112741099883541,7.8368301320634695,7.602415156216081,7.448220854334776,7.341403601342707,7.393649957903195,7.617682060614659,8.003191742022226,8.549126433898463,9.177411849670385,9.692138720463685,9.755815070391796,9.28018090352952,8.454353731273835,7.507207518118925,6.497780013271976,5.7834347907343195,5.488307661573451,5.420031509238878,5.512073019041057,5.775179685682942,6.076724502229484,6.4364545996449145,6.664392334517191,7.041895083684444,7.391179851906778,7.298561452507081,7.1718429510408575,6.606210027569367,5.7631926034998955,5.348792944895165,4.96405187353648,4.328860720851193,3.983660847440118,4.400403605586514,4.979247139791325,5.483906096370934,5.618762661783104,5.626180532467784,5.850603173743412,5.695767777842211,5.570107845081711,5.3322032147746885,5.330441165059018,4.879187378347848,4.243937286457606,3.710232795890056,4.173460510968171,4.533948146918545,4.2675546341458235
5.087114157870088,5.030725086608597,4.9717133168765,5.035115405659173,5.26276782581054,5.55200045624426,5.7683115957092195,5.969463007184651,6.300014079392923,6.749219223264522,7.15934935058166,7.408112744317653,7.485726684153716,7.425334908949229,7.2543692063289065,6.988693490986056,6.744219731945432,6.5611852012965315,6.432778579075392,6.47020148335606,6.652709890296077,6.951114435531847,7.393001583150945,7.988366609903616,8.697142945078589,9.28018090352952,9.496113254273594,9.177866253744973,8.416989021422443,7.351794546512962,6.495143069105839,6.080060531254358,5.935860947620794,5.9839505923163845,6.23983229861035,6.5078897769330215,6.7157717299113155,6.694644906935871,6.823531984871071,7.084657544522302,7.004381784261462,6.778663185292645,6.175851062191575,5.444334614130032,5.013041447412606,4.681678466810666,4.263023639759229,4.084383922048864,4.455933652039355,5.042776056502101,5.627809747811971,5.7401591698187735,5.621661208122771,5.769225735492116,5.63594635714312,5.5922727732637645,5.407891003082541,5.296177250341627,4.771395657991701,4.15759782168422,3.7449384116205966,4.209695107776243,4.431568887693109,4.047485472033428
5.083482779418686,5.0219056615498205,4.974572402397363,5.086601280572813,5.391732645993999,5.762541937006933,6.033436648741504,6.240285620442942,6.506048888314198,6.801582359641449,6.9654314947556575,6.9363696682224525,6.784299430126343,6.617342656803684,6.4461573955017935,6.209431620094358,5.973650202584723,5.773637076163249,5.6352675834604335,5.6857686900130835,5.868651413323812,6.128257994199232,6.4996204070535795,7.028002312300525,7.720548894344153,8.454353731273835,9.177866253744973,9.63691657715452,9.476543280705911,8.514333329553452,7.484869137735362,6.944663794314909,6.741832003282883,6.740302834081222,6.990847082167834,7.188101870771738,7.1794992416876475,6.847555236935271,6.721232522671288,6.927458006625339,6.891626045679287,6.555933657525955,5.894873676534878,5.302540922840403,4.841406238893642,4.503261431941756,4.24389588476626,4.213750395185624,4.535380845845535,5.150258839135957,5.806662527451409,5.917268924539849,5.695586556409342,5.749605890146548,5.620053649297195,5.640722489629494,5.530349652655157,5.290999636562802,4.672906217767127,4.069754260045666,3.80520589026619,4.271890825606844,4.335377398739725,3.834381422355497
5.130036629846624,5.066462586133696,5.03397776489465,5.188086283203782,5.551808182084296,5.976309593692813,6.278185580568225,6.489005145915443,6.716158820066733,6.894352165125036,6.8454784207750725,6.5623866851461905,6.185932996708556,5.905293745937212,5.7250277017632465,5.5189821750894765,5.302778378015185,5.094152718954715,4.946868881044061,5.011903184466199,5.201938523353278,5.435584293624102,5.749305263252098,6.2052415903446425,6.816039192822521,7.507207518118925,8.416989021422443,9.476543280705911,10.145435304143136,9.65970948352949,8.614875282964261,7.94971008584411,7.680500991196321,7.611333660763881,7.831283807616232,7.935687553338546,7.704824908094118,7.064505655446598,6.726805628184407,6.897241013369517,6.914386745408523,6.491524622934097,5.781627999574331,5.334042062366924,4.879419992070935,4.485575420802646,4.31366587402238,4.379637915122772,4.643728120984813,5.278531971834301,5.965716820451663,6.088993165008493,5.835965702488936,5.7899383687709145,5.644531645302824,5.705438612230167,5.675992770642882,5.3102134311728175,4.5901090769213555,4.007400943363398,3.8936307598302053,4.333459750531709,4.252245117572579,3.6695820342615693
5.170673735644929,5.112920091169303,5.096853016236414,5.267242481723242,5.638134828713875,6.059460155646617,6.353221169717959,6.551198296087949,6.739585548656528,6.81955800958726,6.614452822475133,6.1630009254905795,5.638429004819561,5.2711686118415875,5.070485094615885,4.8841415877226035,4.696048695833653,4.503470768020477,4.363639753532709,4.427305876048067,4.596565096821135,4.779854720512439,5.014867717136994,5.374782933180406,5.888775718843539,6.497780013271976,7.351794546512962,8.514333329553452,9.65970948352949,9.989764458395417,9.453459795151234,8.827727569255003,8.462721816038842,8.311137441950633,8.466322371222955,8.479357926923846,8.101073592259768,7.258548796489522,6.810620433215749,6.959803274322594,6.993629886893391,6.508071968910461,5.767270326396255,5.407401941307803,4.965484480516465,4.517455046591481,4.404044545066054,4.54339207115443,4.780604280475975,5.381236127889134,6.030411553159204,6.1631337724101485,5.95215376782897,5.825108342177818,5.6697767412125515,5.726134277419284,5.736651597471808,5.227480147084345,4.435992189506611,3.913567489253851,3.9585696665612558,4.325111923630535,4.106418682975699,3.505050630712509
5.276103683645123,5.223617706033015,5.208542611565575,5.3679684328694,5.717965979072822,6.107539951752855,6.365039364425051,6.527800841387436,6.670995369122604,6.688141630067156,6.41606937178182,5.913998658700585,5.351234035938141,4.951660508430326,4.732692896604667,4.55179148600009,4.392992798837578,4.241687876224415,4.132217963651125,4.186563042225095,4.308827678738574,4.419111314103682,4.573125513879722,4.850770824300509,5.2743654197901675,5.7834347907343195,6.495143069105839,7.484869137735362,8.614875282964261,9.453459795151234,9.774235065103412,9.627227925914898,9.240678588913614,8.961615172341936,9.013987944431483,8.929639878895186,8.49001421968969,7.608581558713374,7.1736725386641185,7.325176479259484,7.328866178214807,6.807537323659633,6.031324241057446,5.647723080849651,5.17335551415896,4.694244513100546,4.579556283963402,4.756162858574469,5.0188367057295284,5.576412997349152,6.169453049587573,6.319997771446978,6.164385997432534,5.991855379560551,5.863683812426325,5.886672942639128,5.849571168542204,5.1925646521871975,4.367919306590885,3.9132551217954568,4.104467959023507,4.424703388859105,4.092863636924224,3.508811043110628
5.606770661196291,5.556321559484069,5.529672889206026,5.667142050769026,5.997425094809321,6.36759252215179,6.599430576910147,6.722255725682283,6.8059381783537,6.7613488853146215,6.449227101055744,5.93523026933538,5.37528931382347,4.971728516173658,4.743824006107757,4.568883601499875,4.445030827081057,4.345392164344221,4.270978773926258,4.3074119046739305,4.376634559167941,4.4236230341623335,4.5231625275947405,4.748106788971479,5.091014290976063,5.488307661573451,6.080060531254358,6.944663794314909,7.94971008584411,8.827727569255003,9.627227925914898,10.259938718797589,10.218291165622466,9.799997851847689,9.681267389623823,9.479834694252965,9.015046831774868,8.192177444462377,7.8075724029314495,7.974604499859035,7.92046506441754,7.369197576601385,6.510120928152199,6.039176567585032,5.488857582234996,4.982438461698275,4.850081664831011,5.0591420917672485,5.381506379244207,5.905209214073441,6.485559989769714,6.6838169418994555,6.55882383261535,6.347159107481995,6.26337432161481,6.282861362405681,6.152553958586661,5.353267898920943,4.494670076664712,4.090383783321558,4.4260565068420314,4.756742454788905,4.317739795256156,3.7286545827395936
6.006031599636035,5.958253646389596,5.9296584147189275,6.05843841093053,6.37569625160225,6.731242651142689,6.948465989046373,7.03714161105823,7.058560760127409,6.9462301232849235,6.588244132148505,6.063116597463665,5.523288890794689,5.144094349904855,4.936742877446757,4.782345109772037,4.677210563257169,4.593332094118694,4.526236300573076,4.543304201014027,4.576669706801314,4.584869444298325,4.648822346477142,4.830175210543184,5.106663715538253,5.420031509238878,5.935860947620794,6.741832003282883,7.680500991196321,8.462721816038842,9.240678588913614,10.218291165622466,10.81962904537076,10.620028193365442,10.334608109333102,9.96573442482893,9.459035035379713,8.671820424706116,8.298981313217297,8.476940889007256,8.393636367918484,7.852821129190544,6.9304195051389845,6.384698776136839,5.745133828165848,5.193347349232997,5.031613024932285,5.232537410170204,5.620423668020542,6.134548562085984,6.756011932823253,6.993703665658797,6.890494343569861,6.664165312860792,6.62133726972445,6.647965272192399,6.443880374762308,5.580326704974783,4.706071701311251,4.323774115273771,4.737902422282809,5.070568766051301,4.548467802035919,3.930349850286485
6.39746314724904,6.352584677210947,6.323945091137022,6.445963781852045,6.745020335753186,7.079740316732642,7.282211873952197,7.355382162037856,7.351643763426743,7.202678551757166,6.803073485098499,6.249037229630534,5.714083595584508,5.364390313356153,5.192044644678919,5.064208162327013,4.963389647283821,4.860582517965539,4.763809395630206,4.756300527989582,4.779017353848386,4.780221150645039,4.8254629655526795,4.980486727988859,5.229161801837542,5.512073019041057,5.9839505923163845,6.740302834081222,7.611333660763881,8.311137441950633,8.961615172341936,9.799997851847689,10.620028193365442,11.016307239494783,10.950248275451365,10.43906214714596,9.806078414040655,8.955464129074295,8.597541316770354,8.82696937148153,8.742401300199397,8.173630798099051,7.213494227670691,6.611048276408777,5.857901612968022,5.251230854702927,5.0541887188327586,5.233880911466344,5.661535752606513,6.190953375579459,6.88367039775768,7.143295377294927,7.025712502203189,6.81489469446604,6.796575289808352,6.797446150377074,6.577392010299267,5.710188936763625,4.867745550853411,4.484474979495818,4.905847817359338,5.242260039623711,4.684511698370829,4.020072277640669
